date,open,close,high,low,volume
2019-01-02,6.07,6.05,6.12,6.0,24711.0
2019-01-03,6.06,6.13,6.32,6.0,50628.0
2019-01-04,6.07,6.33,6.36,6.07,55762.0
2019-01-07,6.44,6.73,6.98,6.34,105574.0
2019-01-08,6.69,6.54,6.82,6.52,87823.0
2019-01-09,6.52,6.51,6.65,6.48,61339.0
2019-01-10,6.47,6.49,6.59,6.39,43153.0
2019-01-11,6.5,6.64,6.71,6.45,63543.0
2019-01-14,6.69,6.61,6.83,6.57,62515.0
2019-01-15,6.61,6.72,6.82,6.47,58553.0
2019-01-16,6.65,6.87,7.05,6.59,128713.0
2019-01-17,6.75,6.76,6.92,6.68,99135.0
2019-01-18,6.7,6.77,6.92,6.67,78058.0
2019-01-21,6.8,6.69,6.88,6.66,61929.0
2019-01-22,6.66,6.57,6.75,6.55,57266.0
2019-01-23,6.57,6.82,7.06,6.56,112217.0
2019-01-24,6.87,6.9,6.97,6.77,90041.0
2019-01-25,6.92,6.68,6.92,6.63,80878.0
2019-01-28,6.75,6.49,6.79,6.48,48399.0
2019-01-29,6.45,6.27,6.56,5.85,54816.0
2019-01-30,6.32,6.29,6.47,6.22,40577.0
2019-01-31,6.27,6.11,6.37,6.04,48061.0
2019-02-01,6.17,6.36,6.39,6.12,31326.0
2019-02-11,6.43,6.62,6.62,6.43,46566.0
2019-02-12,6.61,6.68,6.69,6.54,47370.0
2019-02-13,6.68,6.75,6.82,6.62,67610.0
2019-02-14,6.75,6.73,6.81,6.7,51392.0
2019-02-15,6.68,6.7,6.81,6.68,43691.0
2019-02-18,6.71,6.93,6.95,6.71,79573.0
2019-02-19,7.0,6.86,7.01,6.77,86216.0
2019-02-20,6.9,7.02,7.22,6.84,113162.0
2019-02-21,7.06,6.85,7.06,6.84,99436.0
2019-02-22,6.95,7.14,7.22,6.92,127620.0
2019-02-25,7.14,7.5,7.63,7.1,197102.0
2019-02-26,7.54,7.59,7.92,7.34,204887.0
2019-02-27,7.47,7.45,7.69,7.34,148910.0
2019-02-28,7.52,7.44,7.58,7.31,90848.0
2019-03-01,7.47,7.41,7.48,7.29,69925.0
2019-03-04,7.47,7.53,7.85,7.42,158152.0
2019-03-05,7.51,7.7,7.75,7.43,149118.0
2019-03-06,7.65,8.1,8.45,7.65,224631.0
2019-03-07,8.05,8.27,8.55,7.99,232329.0
2019-03-08,8.0,7.62,8.13,7.57,190301.0
2019-03-11,7.62,7.86,7.89,7.61,139031.0
2019-03-12,7.91,7.91,8.07,7.71,135922.0
2019-03-13,7.92,7.97,8.18,7.82,156509.0
2019-03-14,7.89,7.68,8.13,7.53,128026.0
2019-03-15,7.71,7.79,7.82,7.63,96464.0
2019-03-18,7.97,7.95,8.11,7.85,107604.0
2019-03-19,8.01,8.41,8.58,7.85,252341.0
2019-03-20,8.47,8.43,8.74,8.14,295811.0
2019-03-21,8.35,8.37,8.51,8.24,200488.0
2019-03-22,8.34,8.24,8.37,8.02,130664.0
2019-03-25,8.05,8.07,8.25,7.94,92960.0
2019-03-26,8.14,8.07,8.37,7.98,123081.0
2019-03-27,8.06,8.37,8.44,8.06,159764.0
2019-03-28,8.28,7.87,8.31,7.78,134137.0
2019-03-29,7.77,7.96,8.01,7.61,118574.0
2019-04-01,7.96,8.41,8.42,7.95,171781.0
2019-04-02,8.64,8.52,8.71,8.29,227769.0
2019-04-03,8.47,8.48,8.57,8.32,136134.0
2019-04-04,8.6,8.61,8.79,8.43,169430.0
2019-04-08,8.75,8.92,9.04,8.59,219829.0
2019-04-09,8.83,8.77,8.87,8.58,134782.0
2019-04-10,8.71,8.55,8.71,8.5,97849.0
2019-04-11,8.54,8.4,8.72,8.38,96585.0
2019-04-12,8.37,8.66,9.21,8.37,150738.0
2019-04-15,8.8,8.64,9.22,8.64,218169.0
2019-04-16,8.5,9.17,9.22,8.4,281042.0
2019-04-17,9.02,9.47,9.6,8.9,320406.0
2019-04-18,9.37,9.15,9.76,9.07,246420.0
2019-04-19,9.14,9.2,9.25,8.9,135784.0
2019-04-22,9.21,8.84,9.21,8.82,123183.0
2019-04-23,8.85,8.8,9.05,8.65,113089.0
2019-04-24,8.81,8.94,8.95,8.56,114374.0
2019-04-25,8.85,8.04,8.85,8.03,179518.0
2019-04-26,7.95,7.73,8.06,7.73,112445.0
2019-04-29,7.71,7.27,7.77,7.15,109314.0
2019-04-30,7.35,7.39,7.47,7.29,62896.0
2019-05-06,7.19,6.71,7.24,6.64,87781.0
2019-05-07,6.81,6.87,6.93,6.65,63251.0
2019-05-08,6.72,6.86,7.02,6.6,56173.0
2019-05-09,6.84,6.86,6.98,6.75,46198.0
2019-05-10,6.92,7.08,7.11,6.77,73820.0
2019-05-13,7.03,7.03,7.09,6.93,47250.0
2019-05-14,6.93,7.06,7.11,6.93,55102.0
2019-05-15,7.1,7.16,7.17,7.05,70919.0
2019-05-16,7.15,7.42,7.61,7.13,138001.0
2019-05-17,7.4,6.94,7.46,6.92,100360.0
2019-05-20,6.92,7.16,7.18,6.69,78733.0
2019-05-21,7.12,7.52,7.65,7.0,159919.0
2019-05-22,7.49,7.32,7.63,7.24,119475.0
2019-05-23,7.25,7.34,7.46,7.16,83112.0
2019-05-24,7.23,7.28,7.6,7.22,87803.0
2019-05-27,7.22,8.02,8.02,7.1,104813.0
2019-05-28,8.35,7.89,8.36,7.85,205925.0
2019-05-29,7.99,8.22,8.44,7.99,223853.0
2019-05-30,8.02,8.53,8.64,7.93,248800.0
2019-05-31,8.25,8.46,8.85,8.22,234671.0
2019-06-03,8.46,8.06,8.46,8.0,148815.0
2019-06-04,8.13,7.98,8.27,7.88,102144.0
2019-06-05,8.1,7.85,8.2,7.83,92383.0
2019-06-06,7.87,7.91,8.22,7.76,119369.0
2019-06-10,8.03,8.33,8.38,7.72,162482.0
2019-06-11,8.26,8.6,8.81,8.2,237166.0
2019-06-12,8.65,8.51,9.01,8.51,267939.0
2019-06-13,8.44,9.37,9.37,8.43,320483.0
2019-06-14,9.55,9.03,9.56,8.88,364127.0
2019-06-17,8.87,8.79,9.08,8.64,195906.0
2019-06-18,8.86,8.48,8.9,8.27,168690.0
2019-06-19,8.57,8.35,8.67,8.35,150684.0
2019-06-20,8.38,8.43,8.47,8.13,139795.0
2019-06-21,8.37,8.45,8.6,8.34,124995.0
2019-06-24,8.38,8.39,8.55,8.32,86658.0
2019-06-25,8.4,8.06,8.4,7.91,112136.0
2019-06-26,8.04,7.84,8.11,7.83,78197.0
2019-06-27,7.89,7.86,7.94,7.77,65182.0
2019-06-28,7.87,7.77,7.94,7.63,74831.0
2019-07-01,7.85,7.97,8.0,7.79,76642.0
2019-07-02,7.94,7.99,8.04,7.93,53965.0
2019-07-03,7.97,7.79,8.02,7.73,56669.0
2019-07-04,7.79,7.68,7.84,7.65,39959.0
2019-07-05,7.74,7.86,7.94,7.67,40037.0
2019-07-08,7.82,7.3,7.83,7.28,65353.0
2019-07-09,7.35,7.4,7.43,7.3,34964.0
2019-07-10,7.4,7.7,7.82,7.35,80818.0
2019-07-11,7.87,7.74,8.06,7.71,107496.0
2019-07-12,7.62,7.63,7.72,7.39,59134.0
2019-07-15,7.61,7.7,7.73,7.43,40653.0
2019-07-16,7.66,7.7,7.77,7.63,37930.0
2019-07-17,7.83,7.75,7.83,7.69,47595.0
2019-07-18,7.75,7.69,7.89,7.69,53508.0
2019-07-19,7.75,7.91,7.94,7.66,73640.0
2019-07-22,7.83,7.5,7.87,7.43,68778.0
2019-07-23,7.44,7.56,7.56,7.43,27351.0
2019-07-24,7.54,7.59,7.67,7.54,39549.0
2019-07-25,7.6,7.58,7.6,7.51,26709.0
2019-07-26,7.57,7.48,7.57,7.39,30807.0
2019-07-29,7.58,7.49,7.58,7.41,20193.0
2019-07-30,7.5,7.66,7.74,7.46,41874.0
2019-07-31,7.62,7.52,7.62,7.49,30003.0
2019-08-01,7.47,7.43,7.56,7.42,28705.0
2019-08-02,7.42,7.59,7.65,7.31,65833.0
2019-08-05,7.57,7.59,7.69,7.48,47470.0
2019-08-06,7.46,7.16,7.51,7.15,61243.0
2019-08-07,7.23,7.44,7.52,7.23,63383.0
2019-08-08,7.45,7.29,7.48,7.27,49334.0
2019-08-09,7.31,7.08,7.41,7.05,48295.0
2019-08-12,7.04,6.91,7.09,6.74,62519.0
2019-08-13,6.85,6.94,7.09,6.79,41648.0
2019-08-14,7.0,6.93,7.02,6.9,31456.0
2019-08-15,6.77,6.84,6.88,6.72,39498.0
2019-08-16,6.85,6.91,6.99,6.83,35001.0
2019-08-19,6.95,7.07,7.08,6.88,45288.0
2019-08-20,7.06,7.11,7.26,7.02,49877.0
2019-08-21,7.05,7.04,7.09,7.01,30068.0
2019-08-22,7.05,7.13,7.14,7.01,37284.0
2019-08-23,7.1,7.05,7.15,7.01,37371.0
2019-08-26,6.92,6.97,7.0,6.9,34228.0
2019-08-27,7.0,7.14,7.14,6.98,44309.0
2019-08-28,7.23,7.1,7.23,7.08,37588.0
2019-08-29,7.09,7.09,7.15,7.07,29843.0
2019-08-30,7.12,6.95,7.13,6.94,38694.0
2019-09-02,6.97,7.18,7.19,6.97,49428.0
2019-09-03,7.19,7.34,7.43,7.15,72500.0
2019-09-04,7.31,7.47,7.58,7.29,77468.0
2019-09-05,7.52,7.47,7.57,7.43,74872.0
2019-09-06,7.5,7.44,7.56,7.38,50333.0
2019-09-09,7.51,7.58,7.59,7.45,59499.0
2019-09-10,7.66,7.57,7.76,7.53,64521.0
2019-09-11,7.62,7.54,7.62,7.51,35562.0
2019-09-12,7.53,7.51,7.58,7.4,45014.0
2019-09-16,7.57,7.48,7.61,7.42,49160.0
2019-09-17,7.47,7.22,7.49,7.22,47566.0
2019-09-18,7.26,7.27,7.36,7.24,30822.0
2019-09-19,7.31,7.51,7.52,7.23,69556.0
2019-09-20,7.44,7.35,7.49,7.31,57766.0
2019-09-23,7.35,7.27,7.37,7.23,39240.0
2019-09-24,7.29,7.26,7.32,7.19,41173.0
2019-09-25,7.22,7.09,7.22,7.03,48660.0
2019-09-26,7.09,6.91,7.12,6.91,39272.0
2019-09-27,6.94,6.95,7.01,6.91,19509.0
2019-09-30,6.96,6.84,7.01,6.8,25929.0
2019-10-08,6.86,6.82,6.92,6.8,20390.0
2019-10-09,6.81,6.95,6.96,6.75,19384.0
2019-10-10,6.97,6.98,6.99,6.92,21340.0
2019-10-11,6.97,6.96,6.99,6.89,22540.0
2019-10-14,7.16,7.07,7.17,7.05,40213.0
2019-10-15,7.04,7.09,7.09,7.01,26133.0
2019-10-16,7.09,7.02,7.14,7.02,25606.0
2019-10-17,7.0,7.06,7.07,6.99,18220.0
2019-10-18,7.06,6.9,7.06,6.79,27364.0
2019-10-21,6.92,6.83,6.94,6.79,22011.0
2019-10-22,6.84,6.88,6.94,6.82,23076.0
2019-10-23,6.92,6.84,6.92,6.82,17910.0
2019-10-24,6.82,6.86,6.9,6.81,17891.0
2019-10-25,6.89,6.92,6.93,6.81,23852.0
2019-10-28,6.88,7.02,7.06,6.88,32227.0
2019-10-29,7.01,6.93,7.05,6.92,25437.0
2019-10-30,6.9,6.8,6.95,6.78,24766.0
2019-10-31,6.81,6.57,6.87,6.57,30877.0
2019-11-01,6.61,6.62,6.65,6.5,24378.0
2019-11-04,6.59,6.59,6.67,6.56,17959.0
2019-11-05,6.57,6.65,6.7,6.54,23100.0
2019-11-06,6.64,6.53,6.64,6.51,24468.0
2019-11-07,6.53,6.53,6.58,6.49,14534.0
2019-11-08,6.56,6.48,6.57,6.48,16409.0
2019-11-11,6.43,6.18,6.46,6.13,39219.0
2019-11-12,6.17,6.2,6.22,6.08,23491.0
2019-11-13,6.17,6.1,6.2,6.07,16306.0
2019-11-14,6.11,6.15,6.18,6.08,15827.0
2019-11-15,6.14,6.15,6.26,6.11,23958.0
2019-11-18,6.14,6.15,6.16,6.03,16080.0
2019-11-19,6.13,6.25,6.26,6.13,19736.0
2019-11-20,6.25,6.33,6.36,6.2,24506.0
2019-11-21,6.27,6.24,6.31,6.18,21221.0
2019-11-22,6.23,6.23,6.3,6.17,19909.0
2019-11-25,6.23,6.41,6.42,6.2,35100.0
2019-11-26,6.41,6.29,6.41,6.26,26029.0
2019-11-27,6.29,6.35,6.39,6.09,27756.0
2019-11-28,6.32,6.23,6.35,6.2,19243.0
2019-11-29,6.24,6.24,6.26,6.19,13117.0
2019-12-02,6.24,6.18,6.25,6.16,13265.0
2019-12-03,6.17,6.27,6.28,6.1,21849.0
2019-12-04,6.26,6.35,6.37,6.22,25964.0
2019-12-05,6.35,6.37,6.4,6.32,22527.0
2019-12-06,6.34,6.46,6.49,6.34,33906.0
2019-12-09,6.46,6.43,6.51,6.39,27563.0
2019-12-10,6.44,6.45,6.48,6.4,23028.0
2019-12-11,6.52,6.39,6.52,6.39,20221.0
2019-12-12,6.39,6.45,6.52,6.39,29249.0
2019-12-13,6.46,6.47,6.53,6.44,28487.0
2019-12-16,6.45,6.56,6.56,6.45,34180.0
2019-12-17,6.53,6.65,6.71,6.51,45850.0
2019-12-18,6.64,6.65,6.74,6.6,37605.0
2019-12-19,6.62,6.67,6.72,6.6,26612.0
2019-12-20,6.65,6.55,6.72,6.55,31038.0
2019-12-23,6.52,6.4,6.57,6.39,33356.0
2019-12-24,6.4,6.72,6.75,6.39,53616.0
2019-12-25,6.72,6.68,6.74,6.61,38705.0
2019-12-26,6.67,6.84,6.9,6.66,67670.0
2019-12-27,6.81,6.87,7.19,6.81,101554.0
2019-12-30,6.75,6.87,6.95,6.75,57254.0
2019-12-31,6.85,6.87,7.03,6.8,46257.0
2020-01-02,6.95,6.96,7.01,6.89,53190.0
2020-01-03,6.95,7.12,7.17,6.9,96877.0
2020-01-06,7.06,7.2,7.29,7.04,96998.0
2020-01-07,7.21,7.27,7.32,7.15,72687.0
2020-01-08,7.26,7.22,7.41,7.13,86326.0
2020-01-09,7.21,7.24,7.3,7.14,67633.0
2020-01-10,7.21,7.09,7.24,7.07,49365.0
2020-01-13,6.99,7.16,7.17,6.99,42535.0
2020-01-14,7.17,7.18,7.32,7.11,52963.0
2020-01-15,7.19,7.11,7.23,7.05,36485.0
2020-01-16,7.09,7.1,7.2,7.06,35298.0
2020-01-17,7.1,6.97,7.17,6.9,44398.0
2020-01-20,6.94,7.04,7.08,6.87,39874.0
2020-01-21,7.02,7.1,7.27,6.89,71022.0
2020-01-22,7.06,7.06,7.12,6.88,45579.0
2020-01-23,7.0,6.68,7.05,6.59,58718.0
2020-02-03,6.0,6.0,6.0,6.0,10526.0
2020-02-04,5.39,5.65,5.78,5.39,87694.0
2020-02-05,5.67,5.83,5.92,5.64,61336.0
2020-02-06,5.89,5.88,5.94,5.74,46382.0
2020-02-07,5.89,5.92,5.96,5.8,44212.0
2020-02-10,5.94,6.1,6.1,5.88,44724.0
2020-02-11,6.1,6.03,6.19,6.03,32812.0
2020-02-12,6.0,6.22,6.3,6.0,56176.0
2020-02-13,6.2,6.17,6.3,6.11,55154.0
2020-02-14,6.15,6.31,6.51,6.15,104675.0
2020-02-17,6.33,6.66,6.7,6.29,114570.0
2020-02-18,6.71,6.9,6.95,6.61,117298.0
2020-02-19,6.8,6.83,7.02,6.7,123841.0
2020-02-20,6.97,7.01,7.07,6.77,107807.0
2020-02-21,6.95,6.98,7.11,6.89,91864.0
2020-02-24,7.19,7.38,7.59,7.18,182882.0
2020-02-25,7.07,7.24,7.32,6.84,162005.0
2020-02-26,7.02,7.25,7.43,6.97,141146.0
2020-02-27,7.18,7.01,7.32,6.97,114168.0
2020-02-28,6.74,6.36,6.81,6.35,108152.0
2020-03-02,6.47,6.75,6.79,6.47,84225.0
2020-03-03,6.95,6.93,7.11,6.84,97234.0
2020-03-04,6.93,6.99,7.05,6.8,73919.0
2020-03-05,7.05,7.17,7.21,7.0,106930.0
2020-03-06,7.07,7.01,7.12,6.96,80954.0
2020-03-09,6.84,6.82,7.12,6.82,91514.0
2020-03-10,6.74,6.95,6.96,6.57,73971.0
2020-03-11,6.97,6.85,7.08,6.84,59703.0
2020-03-12,6.75,6.68,6.81,6.64,56846.0
2020-03-13,6.32,6.58,6.68,6.28,69228.0
2020-03-16,6.63,6.35,6.74,6.3,52572.0
2020-03-17,6.39,6.26,6.45,6.07,47877.0
2020-03-18,6.32,6.09,6.39,6.08,46172.0
2020-03-19,6.04,6.08,6.12,5.94,46387.0
2020-03-20,6.17,6.16,6.21,6.03,32899.0
2020-03-23,6.11,5.95,6.11,5.94,35237.0
2020-03-24,6.07,6.08,6.15,5.95,35545.0
2020-03-25,6.18,6.14,6.23,6.1,43793.0
2020-03-26,6.12,6.17,6.32,6.04,65792.0
2020-03-27,6.2,6.12,6.23,6.11,38115.0
2020-03-30,5.96,5.85,6.01,5.77,52432.0
2020-03-31,5.93,5.92,6.01,5.81,42770.0
2020-04-01,5.89,5.9,5.99,5.82,34381.0
2020-04-02,5.85,5.96,5.97,5.79,28889.0
2020-04-03,5.94,5.98,6.01,5.9,32261.0
2020-04-07,6.09,6.14,6.16,6.0,41998.0
2020-04-08,6.08,6.21,6.27,6.08,40151.0
2020-04-09,6.26,6.24,6.31,6.18,30351.0
2020-04-10,6.22,6.13,6.33,6.12,40400.0
2020-04-13,6.15,6.07,6.15,6.03,20183.0
2020-04-14,6.08,6.2,6.21,6.08,25760.0
2020-04-15,6.17,6.16,6.27,5.9,47931.0
2020-04-16,6.09,6.09,6.15,6.01,32365.0
2020-04-17,6.09,6.05,6.12,6.03,25644.0
2020-04-20,6.05,5.97,6.05,5.94,28875.0
2020-04-21,5.95,5.87,5.95,5.82,29778.0
2020-04-22,5.85,5.95,5.95,5.8,23138.0
2020-04-23,5.95,5.91,5.97,5.87,20269.0
2020-04-24,5.91,5.79,5.91,5.77,25337.0
2020-04-27,5.8,5.73,5.81,5.69,21725.0
2020-04-28,5.72,5.62,5.74,5.47,32175.0
2020-04-29,5.63,5.65,5.72,5.59,17219.0
2020-04-30,5.66,5.8,5.8,5.63,29642.0
2020-05-06,5.76,5.89,5.91,5.72,32977.0
2020-05-07,5.89,5.83,5.94,5.82,22171.0
2020-05-08,5.86,5.88,5.92,5.85,18975.0
2020-05-11,5.89,5.84,5.91,5.81,16901.0
2020-05-12,5.87,5.81,5.92,5.72,19188.0
2020-05-13,5.81,5.84,5.88,5.72,20278.0
2020-05-14,5.84,5.94,5.99,5.79,44908.0
2020-05-15,5.95,5.93,6.0,5.87,37461.0
2020-05-18,6.02,6.03,6.12,5.94,57385.0
2020-05-19,6.04,6.3,6.4,5.97,100407.0
2020-05-20,6.37,6.48,6.56,6.28,152578.0
2020-05-21,6.46,6.24,6.46,6.2,83469.0
2020-05-22,6.21,6.04,6.24,5.97,59535.0
2020-05-25,6.1,6.15,6.2,6.02,49406.0
2020-05-26,6.19,6.3,6.47,6.15,65896.0
2020-05-27,6.31,6.62,6.84,6.21,137074.0
2020-05-28,6.62,6.69,6.83,6.55,126376.0
2020-05-29,6.7,6.57,6.8,6.56,70253.0
2020-06-01,6.6,6.65,6.71,6.53,65608.0
2020-06-02,6.67,6.64,6.73,6.54,55401.0
2020-06-03,6.64,6.55,6.66,6.54,55443.0
2020-06-04,6.59,6.54,6.65,6.51,33387.0
2020-06-05,6.58,6.47,6.58,6.36,50135.0
2020-06-08,6.5,6.51,6.65,6.33,68111.0
2020-06-09,6.55,6.5,6.6,6.43,34858.0
2020-06-10,6.46,6.32,6.5,6.32,41244.0
2020-06-11,6.35,6.27,6.36,6.23,26363.0
2020-06-12,6.14,6.3,6.32,6.06,54412.0
2020-06-15,6.27,6.18,6.32,6.18,33090.0
2020-06-16,6.23,6.27,6.31,6.17,30859.0
2020-06-17,6.29,6.26,6.31,6.21,23788.0
2020-06-18,6.26,6.24,6.31,6.17,30075.0
2020-06-19,6.26,6.24,6.29,6.2,22475.0
2020-06-22,6.3,6.24,6.3,6.22,17666.0
2020-06-23,6.24,6.18,6.25,6.17,25171.0
2020-06-24,6.18,6.14,6.22,6.11,21978.0
2020-06-29,6.14,6.06,6.19,6.01,21021.0
2020-06-30,6.08,6.09,6.13,6.05,19974.0
2020-07-01,6.15,6.14,6.15,6.05,33473.0
2020-07-02,6.15,6.27,6.27,6.13,46970.0
2020-07-03,6.3,6.58,6.64,6.23,83947.0
2020-07-06,6.61,6.83,6.89,6.55,115339.0
2020-07-07,6.88,6.71,6.92,6.67,111141.0
2020-07-08,6.89,7.1,7.19,6.89,165757.0
2020-07-09,7.11,7.27,7.31,7.05,148301.0
2020-07-10,7.27,7.06,7.27,7.05,87477.0
2020-07-13,7.09,7.78,7.78,7.09,147233.0
2020-07-14,7.9,8.2,8.35,7.72,273136.0
2020-07-15,8.12,7.75,8.15,7.69,161948.0
2020-07-16,7.85,7.29,7.99,7.27,126778.0
2020-07-17,7.35,7.43,7.48,7.15,92191.0
2020-07-20,7.5,7.95,8.01,7.5,114396.0
2020-07-21,7.95,7.75,8.1,7.69,92121.0
2020-07-22,7.85,7.75,8.01,7.74,80042.0
2020-07-23,7.76,7.92,8.02,7.6,112580.0
2020-07-24,7.92,7.57,8.12,7.54,127863.0
2020-07-27,7.59,7.87,8.07,7.59,127943.0
2020-07-28,8.47,8.02,8.57,7.9,215906.0
2020-07-29,7.74,7.94,7.99,7.42,168184.0
2020-07-30,7.87,7.72,8.04,7.68,107321.0
2020-07-31,7.67,8.05,8.19,7.63,156094.0
2020-08-03,7.99,8.3,8.62,7.99,213443.0
2020-08-04,8.37,8.53,8.58,8.17,155093.0
2020-08-05,8.38,8.7,8.85,8.23,156700.0
2020-08-06,8.77,8.71,8.88,8.57,157433.0
2020-08-07,8.7,8.67,8.85,8.32,138780.0
2020-08-10,8.55,8.39,8.72,8.37,99250.0
2020-08-11,8.43,8.11,8.52,8.06,101212.0
2020-08-12,8.0,8.0,8.17,7.82,80644.0
2020-08-13,8.07,7.86,8.07,7.86,55470.0
2020-08-14,7.93,7.96,7.97,7.81,53860.0
2020-08-17,7.97,8.23,8.23,7.84,82408.0
2020-08-18,8.32,8.18,8.33,8.12,97041.0
2020-08-19,8.09,9.01,9.01,8.09,92319.0
2020-08-20,8.97,8.57,9.16,8.52,224016.0
2020-08-21,8.7,9.11,9.44,8.6,331237.0
2020-08-24,8.86,8.96,8.96,8.45,253311.0
2020-08-25,8.67,8.59,9.01,8.58,143529.0
2020-08-26,8.53,8.1,8.58,8.07,131454.0
2020-08-27,8.12,8.2,8.24,7.9,68196.0
2020-08-28,8.2,8.2,8.25,8.01,53005.0
2020-08-31,8.28,8.18,8.49,8.18,67883.0
2020-09-01,8.13,8.25,8.3,8.13,41284.0
2020-09-02,8.23,8.07,8.23,8.03,61557.0
2020-09-03,8.03,8.06,8.22,8.03,48020.0
2020-09-04,7.87,8.18,8.47,7.83,68916.0
2020-09-07,8.24,8.05,8.31,8.03,54502.0
2020-09-08,8.05,8.04,8.11,7.92,35167.0
2020-09-09,7.95,7.9,8.02,7.87,36943.0
2020-09-10,7.95,7.82,8.01,7.69,49865.0
2020-09-11,7.71,7.76,7.81,7.62,41088.0
2020-09-14,7.74,7.97,8.02,7.74,37868.0
2020-09-15,7.99,8.01,8.17,7.91,42445.0
2020-09-16,8.01,7.87,8.01,7.78,27949.0
2020-09-17,7.86,7.81,7.87,7.75,31012.0
2020-09-18,7.81,8.03,8.06,7.76,44505.0
2020-09-21,8.0,8.03,8.17,7.97,39770.0
2020-09-22,7.94,7.73,7.96,7.7,39891.0
2020-09-23,7.76,7.69,7.82,7.65,24213.0
2020-09-24,7.6,7.29,7.61,7.29,43109.0
2020-09-25,7.38,7.28,7.38,7.12,23165.0
2020-09-28,7.27,7.21,7.34,7.2,18079.0
2020-09-29,7.26,7.3,7.4,7.24,19085.0
2020-09-30,7.32,7.31,7.35,7.18,18747.0
2020-10-09,7.3,7.5,7.55,7.3,31274.0
2020-10-12,7.49,7.75,7.77,7.49,39051.0
2020-10-13,7.72,7.74,7.81,7.62,26025.0
2020-10-14,7.73,7.53,7.74,7.49,34164.0
2020-10-15,7.53,7.53,7.62,7.45,20530.0
2020-10-16,7.59,7.4,7.59,7.35,25134.0
2020-10-19,7.44,7.37,7.54,7.35,23206.0
2020-10-20,7.33,7.45,7.45,7.23,21266.0
2020-10-21,7.43,7.31,7.5,7.25,24561.0
2020-10-22,7.31,7.32,7.36,7.21,21325.0
2020-10-23,7.32,7.25,7.47,7.23,18171.0
2020-10-26,7.26,7.26,7.29,7.15,14634.0
2020-10-27,7.21,7.17,7.31,7.14,20046.0
2020-10-28,7.22,7.21,7.27,7.05,23650.0
2020-10-29,7.12,7.26,7.31,7.07,24707.0
2020-10-30,7.26,6.98,7.29,6.95,27436.0
2020-11-02,6.96,6.79,6.97,6.73,36925.0
2020-11-03,6.84,7.24,7.29,6.82,49784.0
2020-11-04,7.28,7.26,7.33,7.18,26208.0
2020-11-05,7.26,7.28,7.32,7.23,24526.0
2020-11-06,7.3,7.32,7.44,7.29,38222.0
2020-11-09,7.39,7.54,7.6,7.36,47766.0
2020-11-10,7.48,7.5,7.63,7.44,34003.0
2020-11-11,7.43,7.66,7.79,7.43,67101.0
2020-11-12,7.58,7.9,7.96,7.52,77678.0
2020-11-13,7.92,7.95,8.12,7.82,100902.0
2020-11-16,7.95,8.3,8.43,7.85,121819.0
2020-11-17,8.2,8.16,8.3,8.06,84446.0
2020-11-18,8.12,8.24,8.37,8.08,84464.0
2020-11-19,8.15,7.98,8.24,7.85,85276.0
2020-11-20,7.99,8.3,8.37,7.92,94609.0
2020-11-23,8.32,8.5,8.69,8.2,132392.0
2020-11-24,8.44,8.6,8.69,8.37,82701.0
2020-11-25,8.69,8.25,8.69,8.23,90033.0
2020-11-26,8.23,8.14,8.33,8.04,63736.0
2020-11-27,8.14,8.09,8.16,7.86,61343.0
2020-11-30,8.09,8.19,8.57,8.01,112336.0
2020-12-01,8.27,8.37,8.4,8.04,79806.0
2020-12-02,8.42,8.37,8.61,8.3,81800.0
2020-12-03,8.38,8.12,8.4,8.12,53526.0
2020-12-04,8.08,8.36,8.38,8.05,56851.0
2020-12-07,8.32,8.37,8.51,8.27,58006.0
2020-12-08,8.37,8.2,8.42,8.18,40956.0
2020-12-09,8.24,8.17,8.52,8.13,84206.0
2020-12-10,8.11,7.96,8.2,7.95,52000.0
2020-12-11,8.07,7.69,8.17,7.57,80693.0
2020-12-14,7.67,7.86,7.87,7.45,46651.0
2020-12-15,7.73,7.73,7.86,7.63,29994.0
2020-12-16,7.75,7.63,7.83,7.54,41012.0
2020-12-17,7.62,8.07,8.09,7.55,72258.0
2020-12-18,8.1,8.23,8.41,8.05,87823.0
2020-12-21,8.28,8.56,8.56,8.18,112228.0
2020-12-22,8.48,8.34,8.57,8.28,91965.0
2020-12-23,8.29,8.55,8.66,8.29,95998.0
2020-12-24,8.56,8.56,8.75,8.47,115264.0
2020-12-25,8.6,8.9,9.17,8.52,195828.0
2020-12-28,8.9,8.8,9.0,8.62,135245.0
2020-12-29,8.75,8.36,8.75,8.31,102726.0
2020-12-30,8.35,8.87,8.93,8.31,147127.0
2020-12-31,8.69,8.69,8.9,8.63,114881.0
2021-01-04,8.71,9.04,9.16,8.64,135562.0
2021-01-05,9.04,9.06,9.17,8.65,134685.0
2021-01-06,9.06,8.55,9.06,8.42,125491.0
2021-01-07,8.5,9.19,9.42,8.4,351766.0
2021-01-08,8.77,8.27,8.84,8.26,267176.0
2021-01-11,7.93,7.61,8.1,7.43,186160.0
2021-01-12,7.63,7.55,7.71,7.45,76940.0
2021-01-13,7.55,7.43,7.7,7.37,81272.0
2021-01-14,7.39,7.39,7.51,7.23,66419.0
2021-01-15,7.42,7.36,7.49,7.25,50190.0
2021-01-18,7.38,7.66,7.68,7.38,59538.0
2021-01-19,7.71,7.61,7.74,7.51,55043.0
2021-01-20,7.54,7.67,7.72,7.49,53192.0
2021-01-21,7.66,7.83,8.03,7.6,88511.0
2021-01-22,7.78,7.86,7.97,7.74,58687.0
2021-01-25,7.77,7.96,8.07,7.57,80336.0
2021-01-26,7.87,7.78,7.93,7.62,53750.0
2021-01-27,7.76,7.44,7.77,7.41,49887.0
2021-01-28,7.35,7.35,7.57,7.24,37754.0
2021-01-29,7.43,6.99,7.49,6.93,59256.0
2021-02-01,7.05,7.29,7.34,6.99,41334.0
2021-02-02,7.27,7.15,7.3,7.09,38722.0
2021-02-03,7.11,7.13,7.36,7.06,39366.0
2021-02-04,7.12,6.97,7.12,6.79,45400.0
2021-02-05,6.94,6.63,7.05,6.63,34308.0
2021-02-08,6.63,6.64,6.76,6.51,26415.0
2021-02-09,6.61,7.03,7.1,6.61,42890.0
2021-02-10,7.0,7.24,7.31,6.96,39198.0
2021-02-18,7.67,7.7,7.92,7.55,83917.0
2021-02-19,7.67,8.04,8.05,7.64,97848.0
2021-02-22,8.1,8.42,8.86,8.09,215455.0
2021-02-23,8.23,8.32,8.5,8.19,132880.0
2021-02-24,8.28,8.24,8.4,8.12,89042.0
2021-02-25,8.35,8.16,8.47,8.07,76801.0
2021-02-26,7.93,8.08,8.26,7.87,56199.0
2021-03-01,8.14,8.52,8.52,8.12,93485.0
2021-03-02,8.42,8.4,8.59,8.27,90961.0
2021-03-03,8.34,8.67,8.82,8.33,94571.0
2021-03-04,8.53,8.72,9.07,8.48,124393.0
2021-03-05,8.54,8.39,8.62,8.29,89014.0
2021-03-08,8.4,8.37,8.84,8.35,107258.0
2021-03-09,8.38,7.99,8.44,7.95,77306.0
2021-03-10,8.08,7.96,8.23,7.88,59479.0
2021-03-11,7.93,8.6,8.63,7.83,111849.0
2021-03-12,8.52,8.68,8.77,8.42,97833.0
2021-03-15,8.64,8.79,8.94,8.52,106883.0
2021-03-16,8.73,8.65,8.8,8.53,68588.0
2021-03-17,8.59,8.59,8.67,8.39,65736.0
2021-03-18,8.57,8.38,8.64,8.32,57623.0
2021-03-19,8.19,8.39,8.57,8.19,57786.0
2021-03-22,8.41,8.56,8.72,8.33,64889.0
2021-03-23,8.57,8.14,8.62,8.05,76767.0
2021-03-24,8.07,7.72,8.11,7.65,73155.0
2021-03-25,7.64,7.59,7.81,7.56,54139.0
2021-03-26,7.59,7.73,7.77,7.55,37671.0
2021-03-29,7.75,7.66,7.77,7.63,36008.0
2021-03-30,7.71,7.84,7.92,7.52,81388.0
2021-03-31,7.8,7.8,7.97,7.75,55284.0
2021-04-01,7.78,7.94,8.03,7.69,51474.0
2021-04-02,7.91,7.98,8.13,7.8,47255.0
2021-04-06,7.94,7.89,8.05,7.86,36775.0
2021-04-07,7.93,7.99,8.01,7.8,39246.0
2021-04-08,7.97,8.09,8.29,7.94,61695.0
2021-04-09,7.97,8.2,8.23,7.97,53561.0
2021-04-12,8.23,8.02,8.28,7.95,54236.0
2021-04-13,7.99,7.69,7.99,7.62,44013.0
2021-04-14,7.76,7.83,7.86,7.66,28265.0
2021-04-15,7.78,7.89,7.91,7.73,28190.0
2021-04-16,7.93,8.1,8.15,7.84,41845.0
2021-04-19,8.1,8.24,8.3,8.04,54723.0
2021-04-20,8.28,8.18,8.32,8.15,48046.0
2021-04-21,8.18,8.07,8.18,7.98,41254.0
2021-04-22,8.09,8.22,8.22,8.02,38413.0
2021-04-23,8.17,8.11,8.17,7.99,36566.0
2021-04-26,8.13,8.17,8.39,8.09,67500.0
2021-04-27,8.19,8.45,8.52,8.07,109483.0
2021-04-28,8.43,8.17,8.43,7.94,101090.0
2021-04-29,8.13,8.36,8.58,8.07,111887.0
2021-04-30,8.37,8.51,8.54,8.15,95485.0
2021-05-06,8.58,8.6,8.71,8.48,113222.0
2021-05-07,8.58,8.68,8.97,8.53,192317.0
2021-05-10,8.74,9.56,9.56,8.7,333324.0
2021-05-11,9.36,9.22,9.41,8.93,230132.0
2021-05-12,9.13,9.27,9.43,9.07,147784.0
2021-05-13,9.07,8.93,9.1,8.8,139137.0
2021-05-14,8.95,8.82,8.98,8.71,98287.0
2021-05-17,8.74,8.88,8.9,8.55,80970.0
2021-05-18,8.88,9.13,9.39,8.7,139797.0
2021-05-19,9.01,8.95,9.14,8.94,86753.0
2021-05-20,8.68,8.53,8.84,8.52,99470.0
2021-05-21,8.49,8.65,8.69,8.47,49590.0
2021-05-24,8.55,8.65,8.78,8.55,49298.0
2021-05-25,8.66,8.62,8.72,8.4,61007.0
2021-05-26,8.62,8.79,8.84,8.53,76241.0
2021-05-27,8.75,8.67,8.79,8.63,53764.0
2021-05-28,8.75,9.15,9.15,8.74,140269.0
2021-05-31,9.17,9.42,9.43,9.01,169770.0
2021-06-01,9.32,9.18,9.32,9.08,102071.0
2021-06-02,9.14,9.72,10.11,9.06,348361.0
2021-06-03,9.59,10.71,10.71,9.59,173553.0
2021-06-04,11.14,10.39,11.36,10.22,381046.0
2021-06-07,10.34,10.62,10.68,10.02,254659.0
2021-06-08,10.42,9.97,10.7,9.96,205864.0
2021-06-09,10.01,9.97,10.27,9.95,130249.0
2021-06-10,10.0,10.07,10.2,9.81,140370.0
2021-06-11,9.92,9.89,10.01,9.69,114539.0
2021-06-15,9.83,10.07,10.17,9.64,113736.0
2021-06-16,10.01,9.35,10.02,9.31,131989.0
2021-06-17,9.3,9.5,9.56,9.05,73811.0
2021-06-18,9.46,9.83,9.87,9.26,109137.0
2021-06-21,9.76,9.92,9.93,9.67,78699.0
2021-06-22,9.85,9.87,10.03,9.69,73935.0
2021-06-23,9.83,9.97,10.14,9.81,91973.0
2021-06-24,9.97,9.42,9.97,9.4,109089.0
2021-06-25,9.42,9.6,9.61,9.31,57432.0
2021-06-28,9.52,9.32,9.66,9.22,68276.0
2021-06-29,9.34,9.29,9.47,9.29,48689.0
2021-06-30,9.25,9.25,9.44,9.19,51609.0
2021-07-01,9.25,8.72,9.27,8.71,101392.0
2021-07-02,8.73,8.71,8.97,8.68,51979.0
2021-07-05,8.73,9.13,9.14,8.73,72363.0
2021-07-06,9.24,9.47,9.76,9.23,128674.0
2021-07-07,9.46,9.89,9.91,9.37,139750.0
2021-07-08,9.97,9.99,10.1,9.81,147843.0
2021-07-09,9.97,11.0,11.0,9.89,277853.0
2021-07-12,11.12,12.11,12.11,11.1,285563.0
2021-07-13,12.07,11.59,12.07,11.47,242826.0
2021-07-14,11.62,11.13,11.77,11.04,185593.0
2021-07-15,11.24,11.13,11.28,10.64,206053.0
2021-07-16,11.03,11.15,11.52,10.91,170857.0
2021-07-19,11.27,11.18,11.55,11.0,164451.0
2021-07-20,11.0,11.07,11.22,10.75,102950.0
2021-07-21,11.22,11.47,11.61,11.13,187142.0
2021-07-22,11.46,11.5,11.71,11.24,156553.0
2021-07-23,11.54,11.64,12.4,11.54,227740.0
2021-07-26,11.5,11.47,11.94,11.17,165605.0
2021-07-27,11.61,11.0,12.02,10.99,180932.0
2021-07-28,10.81,10.76,11.03,10.02,156337.0
2021-07-29,10.99,11.65,11.82,10.98,160355.0
2021-07-30,11.79,12.83,12.83,11.58,348899.0
2021-08-02,12.93,12.91,13.54,12.67,313883.0
2021-08-03,12.91,12.03,13.07,11.97,200776.0
2021-08-04,12.12,12.54,12.6,11.92,159969.0
2021-08-05,12.48,12.39,12.52,12.05,122886.0
2021-08-06,12.24,13.64,13.64,12.24,256800.0
2021-08-09,13.99,14.32,14.66,13.63,346992.0
2021-08-10,14.36,13.95,14.42,13.67,215295.0
2021-08-11,13.85,13.82,14.1,13.42,170195.0
2021-08-12,13.97,15.22,15.22,13.83,274044.0
2021-08-13,15.22,15.03,15.94,14.76,274625.0
2021-08-16,15.26,15.94,16.55,15.14,371792.0
2021-08-17,15.88,15.47,16.14,14.39,407118.0
2021-08-18,15.4,15.77,15.96,14.75,280588.0
2021-08-19,15.17,15.05,15.34,14.57,197001.0
2021-08-20,15.05,14.7,15.32,14.45,143607.0
2021-08-23,14.9,15.6,15.82,14.82,232795.0
2021-08-24,15.58,15.69,16.12,14.75,220859.0
2021-08-25,15.49,16.57,16.75,15.3,222238.0
2021-08-26,16.27,17.2,18.05,16.0,247287.0
2021-08-27,17.16,17.54,17.82,16.9,223643.0
2021-08-30,17.83,17.15,17.85,16.87,194322.0
2021-08-31,16.59,16.86,17.1,16.06,166480.0
2021-09-01,16.94,15.66,17.4,15.47,218494.0
2021-09-02,15.47,15.81,16.13,15.37,162518.0
2021-09-03,15.61,15.05,16.35,14.71,194781.0
2021-09-06,15.27,16.57,16.57,15.24,234170.0
2021-09-07,16.62,16.34,17.25,16.07,221690.0
2021-09-08,16.35,15.79,16.37,15.57,153594.0
2021-09-09,15.66,15.83,15.99,15.53,130053.0
2021-09-10,15.85,16.26,16.65,15.43,199138.0
2021-09-13,16.12,16.18,16.21,15.28,178685.0
2021-09-14,15.85,15.14,15.86,14.87,225087.0
2021-09-15,15.07,16.03,16.07,14.27,267086.0
2021-09-16,15.47,15.25,16.04,15.17,166205.0
2021-09-17,15.06,14.28,15.58,13.89,164552.0
2021-09-22,13.84,14.16,14.41,13.59,95498.0
2021-09-23,14.09,13.85,14.43,13.83,100361.0
2021-09-24,13.77,13.07,13.96,12.97,158265.0
2021-09-27,13.07,12.06,13.29,11.75,198724.0
2021-09-28,12.16,12.17,12.33,11.76,131951.0
2021-09-29,12.18,11.53,12.18,11.41,98812.0
2021-09-30,11.68,11.63,12.05,11.57,86156.0
2021-10-08,11.86,11.59,12.04,11.29,75163.0
2021-10-11,11.85,11.59,11.86,11.36,63457.0
2021-10-12,11.56,11.43,12.06,11.23,118682.0
2021-10-13,11.57,11.36,11.59,10.83,128579.0
2021-10-14,11.36,11.74,11.95,11.25,120478.0
2021-10-15,11.68,11.51,11.81,11.37,75144.0
2021-10-18,11.56,11.9,11.9,11.44,109463.0
2021-10-19,11.94,11.91,12.09,11.74,123761.0
2021-10-20,11.89,11.99,12.32,11.53,164680.0
2021-10-21,12.09,12.23,12.31,11.93,146357.0
2021-10-22,12.16,11.43,12.16,11.42,150888.0
2021-10-25,11.5,11.84,11.92,11.42,98167.0
2021-10-26,12.02,11.59,12.02,11.57,90278.0
2021-10-27,11.59,11.08,11.69,10.9,99591.0
2021-10-28,10.9,10.41,11.03,10.21,133014.0
2021-10-29,10.41,10.68,10.75,10.37,80224.0
2021-11-01,10.68,11.0,11.0,10.61,62548.0
2021-11-02,11.0,10.4,11.09,10.19,103532.0
2021-11-03,10.43,10.47,10.55,10.12,117277.0
2021-11-04,10.53,10.5,10.55,10.37,86615.0
2021-11-05,10.44,10.16,10.62,9.44,92556.0
2021-11-08,10.17,10.55,10.55,10.09,82824.0
2021-11-09,10.58,10.37,10.61,10.24,80638.0
2021-11-10,10.37,10.25,10.38,9.91,95878.0
2021-11-11,10.22,10.27,10.33,10.16,76034.0
2021-11-12,10.29,10.49,10.53,10.23,95408.0
2021-11-15,10.49,10.28,10.5,10.17,85126.0
2021-11-16,10.28,9.96,10.33,9.93,77851.0
2021-11-17,9.97,10.47,10.47,9.95,134375.0
2021-11-18,10.48,10.6,10.72,10.25,147783.0
2021-11-19,10.6,11.21,11.25,10.47,196413.0
2021-11-22,11.19,11.34,11.53,11.11,171308.0
2021-11-23,11.34,11.37,11.57,11.22,115281.0
2021-11-24,11.33,11.64,11.86,11.28,152525.0
2021-11-25,11.75,11.5,11.75,11.42,102711.0
2021-11-26,11.4,11.74,11.93,11.31,126733.0
2021-11-29,11.47,11.44,11.61,11.27,108502.0
2021-11-30,11.46,11.45,11.63,11.27,83473.0
2021-12-01,11.32,11.47,11.51,11.2,76449.0
2021-12-02,11.37,11.36,11.55,11.28,76139.0
2021-12-03,11.37,11.34,11.44,11.17,68812.0
2021-12-06,11.41,11.52,11.83,11.39,131614.0
2021-12-07,11.58,11.05,11.65,10.85,122487.0
2021-12-08,11.55,12.17,12.17,11.55,108198.0
2021-12-09,12.79,13.4,13.4,12.52,629184.0
2021-12-10,12.94,14.1,14.67,12.94,556671.0
2021-12-13,14.06,13.06,14.27,13.03,448973.0
2021-12-14,13.15,12.69,13.24,12.55,334584.0
2021-12-15,12.53,12.66,13.0,12.49,260097.0
2021-12-16,12.57,12.77,12.8,12.48,239818.0
2021-12-17,12.76,12.27,12.98,12.25,250756.0
2021-12-20,12.2,12.49,12.69,12.12,203242.0
2021-12-21,12.39,12.52,12.52,12.13,152991.0
2021-12-22,12.56,12.26,12.58,12.22,128879.0
2021-12-23,12.32,12.52,12.52,12.26,153677.0
2021-12-24,12.46,11.67,12.46,11.65,186836.0
2021-12-27,11.57,11.68,11.68,11.07,117775.0
2021-12-28,11.69,11.77,11.95,11.65,88627.0
2021-12-29,11.57,11.7,11.85,11.54,69670.0
2021-12-30,11.8,11.85,11.94,11.73,82204.0
2021-12-31,11.88,11.66,11.89,11.58,86176.0
2022-01-04,11.68,11.68,11.88,11.67,81583.0
2022-01-05,11.67,11.22,11.69,11.08,111742.0
2022-01-06,11.2,11.31,11.41,11.13,61650.0
2022-01-07,11.29,10.99,11.34,10.99,76464.0
2022-01-10,10.93,11.06,11.11,10.88,50560.0
2022-01-11,11.12,10.98,11.16,10.94,62318.0
2022-01-12,11.08,11.33,11.36,11.08,83081.0
2022-01-13,11.33,11.13,11.41,11.12,72538.0
2022-01-14,11.1,11.02,11.22,11.01,55398.0
2022-01-17,11.05,11.18,11.25,11.05,58292.0
2022-01-18,11.17,11.08,11.27,11.06,56681.0
2022-01-19,11.02,10.87,11.06,10.79,74771.0
2022-01-20,10.9,10.62,11.02,10.54,68895.0
2022-01-21,10.63,10.59,10.68,10.4,36948.0
2022-01-24,10.59,10.66,10.72,10.43,35282.0
2022-01-25,10.64,10.11,10.66,10.1,67576.0
2022-01-26,10.14,10.29,10.33,10.11,40179.0
2022-01-27,10.23,9.93,10.35,9.9,39227.0
2022-01-28,9.93,10.05,10.1,9.77,34553.0
2022-02-07,10.19,10.34,10.44,10.17,40054.0
2022-02-08,10.33,10.57,10.57,10.29,48785.0
2022-02-09,10.57,10.92,10.94,10.5,81701.0
2022-02-10,11.08,10.89,11.12,10.75,74247.0
2022-02-11,10.86,10.65,10.86,10.59,70393.0
2022-02-14,10.69,10.58,10.78,10.51,47262.0
2022-02-15,10.65,10.7,10.72,10.47,44860.0
2022-02-16,10.72,10.83,10.88,10.72,47989.0
2022-02-17,10.75,10.94,11.07,10.74,82216.0
2022-02-18,10.82,11.02,11.08,10.79,61925.0
2022-02-21,10.97,11.12,11.16,10.92,63864.0
2022-02-22,11.11,11.11,11.2,10.93,88170.0
2022-02-23,11.11,11.28,11.32,11.05,92543.0
2022-02-24,11.27,11.03,11.39,10.88,112689.0
2022-02-25,11.08,11.18,11.34,11.08,70205.0
2022-02-28,11.33,11.47,11.53,11.01,129596.0
2022-03-01,11.77,11.37,11.77,11.27,110225.0
2022-03-02,11.41,11.45,11.55,11.31,79791.0
2022-03-03,11.56,11.62,11.72,11.42,107886.0
2022-03-04,11.6,11.18,11.6,11.13,93817.0
2022-03-07,11.17,11.09,11.29,11.02,63896.0
2022-03-08,11.09,10.73,11.24,10.52,85071.0
2022-03-09,10.6,10.2,10.73,9.64,101575.0
2022-03-10,10.36,10.34,10.53,10.25,62047.0
2022-03-11,10.27,10.22,10.34,9.95,60734.0
2022-03-14,10.16,9.82,10.16,9.82,64222.0
2022-03-15,9.77,8.95,9.77,8.94,98130.0
2022-03-16,9.07,9.41,9.42,8.86,77138.0
2022-03-17,9.58,9.44,9.73,9.38,63941.0
2022-03-18,9.45,9.55,9.62,9.37,55477.0
2022-03-21,9.55,9.7,9.75,9.45,59443.0
2022-03-22,9.7,9.71,9.77,9.54,43909.0
2022-03-23,9.71,9.95,9.96,9.64,58064.0
2022-03-24,9.84,9.73,9.9,9.69,50136.0
2022-03-25,9.72,9.76,9.84,9.68,38727.0
2022-03-28,9.61,9.53,9.7,9.37,44657.0
2022-03-29,9.61,9.56,9.73,9.5,45274.0
2022-03-30,9.49,9.55,9.64,9.45,49442.0
2022-03-31,9.47,9.67,9.85,9.37,68607.0
2022-04-01,9.58,9.52,9.71,9.45,66954.0
2022-04-06,9.44,9.53,9.59,9.38,37932.0
2022-04-07,9.51,9.29,9.53,9.28,36333.0
2022-04-08,9.47,9.49,9.6,9.29,52067.0
2022-04-11,9.38,9.06,9.39,8.97,47749.0
2022-04-12,8.96,9.35,9.36,8.92,38803.0
2022-04-13,9.31,9.5,9.64,9.22,67495.0
2022-04-14,9.47,9.66,9.72,9.43,70139.0
2022-04-15,9.62,9.73,10.08,9.57,99407.0
2022-04-18,9.7,9.65,9.8,9.37,55463.0
2022-04-19,9.65,9.95,10.04,9.65,102690.0
2022-04-20,9.9,9.87,9.96,9.69,67966.0
2022-04-21,9.89,9.38,9.95,9.33,56120.0
2022-04-22,9.27,9.1,9.36,9.04,41680.0
2022-04-25,8.96,8.18,8.96,8.18,89130.0
2022-04-26,7.98,7.56,8.12,7.54,80876.0
2022-04-27,7.45,8.05,8.11,7.23,72480.0
2022-04-28,7.88,8.14,8.29,7.76,69481.0
2022-04-29,8.19,8.4,8.46,8.16,53243.0
2022-05-05,8.39,8.45,8.57,8.27,45893.0
2022-05-06,8.25,8.35,8.44,8.14,43136.0
2022-05-09,8.26,8.48,8.52,8.26,31015.0
2022-05-10,8.46,8.66,8.7,8.34,42173.0
2022-05-11,8.68,8.8,9.04,8.67,62652.0
2022-05-12,8.8,8.87,8.97,8.73,33612.0
2022-05-13,8.86,8.98,9.02,8.83,43759.0
2022-05-16,9.05,9.12,9.35,9.02,58039.0
2022-05-17,9.11,9.3,9.41,9.08,53952.0
2022-05-18,9.32,9.33,9.42,9.29,36225.0
2022-05-19,9.18,9.34,9.38,9.13,43876.0
2022-05-20,9.42,9.66,9.8,9.41,98537.0
2022-05-23,9.77,10.06,10.08,9.61,101074.0
2022-05-24,9.97,9.48,9.99,9.47,97201.0
2022-05-25,9.47,9.6,9.68,9.45,46291.0
2022-05-26,9.6,9.68,9.73,9.39,50065.0
2022-05-27,9.79,9.53,9.79,9.46,46433.0
2022-05-30,9.65,9.87,9.87,9.57,63406.0
2022-05-31,9.82,10.01,10.01,9.75,70455.0
2022-06-01,10.01,9.83,10.01,9.72,54799.0
2022-06-02,9.9,10.06,10.34,9.81,87902.0
2022-06-06,9.97,10.25,10.35,9.97,90530.0
2022-06-07,10.23,10.11,10.27,10.0,60175.0
2022-06-08,10.08,10.22,10.29,9.86,68310.0
2022-06-09,10.24,9.96,10.24,9.88,53841.0
2022-06-10,9.95,10.17,10.21,9.85,65077.0
2022-06-13,10.07,10.62,10.78,10.03,135407.0
2022-06-14,10.47,10.69,10.74,10.29,113153.0
2022-06-15,10.7,10.5,10.79,10.49,109445.0
2022-06-16,10.6,10.43,10.71,10.34,66916.0
2022-06-17,10.33,10.63,10.64,10.3,75867.0
2022-06-20,10.56,10.45,10.64,10.4,64905.0
2022-06-21,10.47,9.98,10.47,9.84,102605.0
2022-06-22,10.06,9.95,10.24,9.91,64040.0
2022-06-23,9.92,10.21,10.31,9.91,75707.0
2022-06-24,10.21,10.26,10.34,10.1,61547.0
2022-06-27,10.33,10.31,10.42,10.16,61219.0
2022-06-28,10.3,10.97,11.07,10.3,152310.0
2022-06-29,10.98,10.27,11.02,10.26,116946.0
2022-06-30,10.26,10.34,10.58,10.26,62353.0
2022-07-01,10.37,10.34,10.5,10.26,49419.0
2022-07-04,10.35,10.62,10.78,10.28,79856.0
2022-07-05,10.63,10.71,10.82,10.47,82026.0
2022-07-06,10.63,10.23,10.63,10.07,77854.0
2022-07-07,10.27,10.53,10.67,10.18,76959.0
2022-07-08,10.54,10.36,10.75,10.35,69028.0
2022-07-11,10.38,9.94,10.38,9.83,95475.0
2022-07-12,9.92,9.83,10.02,9.81,48888.0
2022-07-13,9.81,9.87,9.9,9.66,45119.0
2022-07-14,9.8,10.1,10.18,9.77,60728.0
2022-07-15,10.0,9.77,10.16,9.77,48827.0
2022-07-18,9.86,10.23,10.24,9.79,75818.0
2022-07-19,10.19,10.32,10.44,10.17,56679.0
2022-07-20,10.36,10.61,10.63,10.28,70115.0
2022-07-21,10.57,10.65,10.83,10.46,95555.0
2022-07-22,10.65,10.5,10.76,10.37,64910.0
2022-07-25,10.57,10.25,10.64,10.2,54462.0
2022-07-26,10.34,10.29,10.39,10.1,43656.0
2022-07-27,10.33,10.41,10.49,10.28,39353.0
2022-07-28,10.41,10.51,10.59,10.38,51856.0
2022-07-29,10.53,10.38,10.66,10.36,44522.0
2022-08-01,10.38,10.46,10.49,10.27,39694.0
2022-08-02,10.42,9.84,10.42,9.72,84543.0
2022-08-03,9.83,9.95,10.31,9.83,72325.0
2022-08-04,10.01,10.13,10.16,9.87,45680.0
2022-08-05,10.16,10.33,10.34,10.03,49124.0
2022-08-08,10.36,10.48,10.52,10.18,50871.0
2022-08-09,10.49,10.54,10.62,10.38,57122.0
2022-08-10,10.55,10.62,10.71,10.49,58733.0
2022-08-11,10.67,10.62,10.71,10.48,53896.0
2022-08-12,10.66,10.59,10.76,10.53,63672.0
2022-08-15,10.56,10.77,10.85,10.53,90784.0
2022-08-16,10.78,10.67,10.79,10.61,55332.0
2022-08-17,10.67,10.56,10.7,10.46,49553.0
2022-08-18,10.59,10.55,10.61,10.44,40049.0
2022-08-19,10.61,10.26,10.61,10.24,63120.0
2022-08-22,10.21,10.64,10.67,10.15,82597.0
2022-08-23,10.63,10.7,10.7,10.47,66066.0
2022-08-24,10.78,10.12,10.85,10.1,94058.0
2022-08-25,10.17,10.24,10.3,9.99,84257.0
2022-08-26,10.1,10.3,10.56,10.1,85353.0
2022-08-29,10.13,10.17,10.2,10.0,64141.0
2022-08-30,10.19,10.08,10.4,9.93,77933.0
2022-08-31,10.02,9.52,10.07,9.51,99126.0
2022-09-01,9.43,9.27,9.55,9.25,65066.0
2022-09-02,9.3,9.38,9.4,9.22,42335.0
2022-09-05,9.35,9.49,9.5,9.32,38603.0
2022-09-06,9.5,9.97,10.01,9.47,94758.0
2022-09-07,9.98,10.45,10.47,9.92,126065.0
2022-09-08,10.5,10.56,10.62,10.34,107286.0
2022-09-09,10.56,10.56,10.7,10.47,64662.0
2022-09-13,10.62,10.69,10.81,10.53,76020.0
2022-09-14,10.53,10.6,10.82,10.47,80839.0
2022-09-15,10.67,10.13,10.71,10.01,90058.0
2022-09-16,10.13,9.61,10.19,9.59,86636.0
2022-09-19,9.68,9.25,9.74,9.18,99357.0
2022-09-20,9.41,9.64,9.73,9.37,86846.0
2022-09-21,9.67,9.64,9.7,9.48,53494.0
2022-09-22,9.57,9.92,10.1,9.53,82922.0
2022-09-23,9.95,9.64,9.98,9.56,62657.0
2022-09-26,9.52,9.26,9.52,9.22,62946.0
2022-09-27,9.35,9.41,9.52,9.03,59202.0
2022-09-28,9.35,8.78,9.35,8.73,88601.0
2022-09-29,8.87,8.84,9.0,8.78,55384.0
2022-09-30,8.81,8.75,8.92,8.71,41963.0
2022-10-10,8.75,8.53,8.82,8.49,40761.0
2022-10-11,8.53,8.66,8.71,8.53,38671.0
2022-10-12,8.64,8.94,8.94,8.55,51523.0
2022-10-13,8.92,8.93,9.07,8.86,58747.0
2022-10-14,8.98,9.06,9.08,8.92,54976.0
2022-10-17,8.99,9.11,9.11,8.92,53614.0
2022-10-18,9.09,9.04,9.13,9.0,44620.0
2022-10-19,9.03,8.95,9.06,8.94,40037.0
2022-10-20,8.92,8.92,9.01,8.75,40934.0
2022-10-21,8.93,8.87,8.97,8.83,28594.0
2022-10-24,8.89,8.75,9.02,8.7,43435.0
2022-10-25,8.75,8.77,8.81,8.5,45195.0
2022-10-26,8.76,8.9,8.96,8.72,44533.0
2022-10-27,8.92,8.96,9.06,8.89,50203.0
2022-10-28,8.89,8.51,8.89,8.47,57630.0
2022-10-31,8.4,8.56,8.64,8.4,30187.0
2022-11-01,8.5,8.95,8.95,8.5,57258.0
2022-11-02,8.97,9.04,9.11,8.89,48016.0
2022-11-03,8.99,9.11,9.16,8.97,42175.0
2022-11-04,9.02,9.31,9.34,8.97,62988.0
2022-11-07,9.31,9.35,9.47,9.29,50047.0
2022-11-08,9.37,9.45,9.54,9.34,63347.0
2022-11-09,9.52,9.46,9.55,9.4,40869.0
2022-11-10,9.43,9.28,9.43,9.25,38553.0
2022-11-11,9.47,9.42,9.52,9.32,52219.0
2022-11-14,9.43,9.2,9.48,9.17,54538.0
2022-11-15,9.26,9.4,9.4,9.17,39914.0
2022-11-16,9.44,9.32,9.46,9.29,32175.0
2022-11-17,9.29,9.23,9.33,9.14,35204.0
2022-11-18,9.23,9.08,9.26,9.06,40295.0
2022-11-21,9.04,9.08,9.09,8.88,33211.0
2022-11-22,9.06,8.97,9.12,8.92,30198.0
2022-11-23,8.97,9.18,9.2,8.92,54675.0
2022-11-24,9.21,9.01,9.21,8.98,46404.0
2022-11-25,9.01,8.96,9.03,8.9,32472.0
2022-11-28,8.9,8.89,8.9,8.76,32988.0
2022-11-29,8.95,9.04,9.05,8.87,33624.0
2022-11-30,9.04,9.09,9.09,8.99,40523.0
2022-12-01,9.15,9.21,9.22,9.11,56288.0
2022-12-02,9.22,9.19,9.23,9.13,37051.0
2022-12-05,9.23,9.39,9.4,9.15,68179.0
2022-12-06,9.38,9.31,9.4,9.27,42504.0
2022-12-07,9.27,9.28,9.36,9.23,32578.0
2022-12-08,9.27,9.23,9.29,9.17,23250.0
2022-12-09,9.23,9.35,9.4,9.16,47698.0
2022-12-12,9.31,9.14,9.35,9.1,35224.0
2022-12-13,9.17,9.28,9.29,9.1,34205.0
2022-12-14,9.28,9.32,9.47,9.22,51048.0
2022-12-15,9.27,9.29,9.33,9.2,29313.0
2022-12-16,9.26,9.07,9.26,9.02,33386.0
2022-12-19,9.03,8.83,9.14,8.75,28517.0
2022-12-20,8.78,8.78,8.9,8.72,18444.0
2022-12-21,8.81,8.7,8.84,8.6,21779.0
2022-12-22,8.77,8.52,8.78,8.49,25152.0
2022-12-23,8.45,8.48,8.57,8.41,25970.0
2022-12-26,8.49,8.59,8.61,8.45,20470.0
2022-12-27,8.61,8.81,8.83,8.57,26203.0
2022-12-28,8.8,8.87,8.97,8.68,30673.0
2022-12-29,8.85,8.7,8.92,8.68,26200.0
2022-12-30,8.79,8.76,8.79,8.69,20476.0
2023-01-03,8.75,9.34,9.36,8.69,86357.0
2023-01-04,9.32,9.32,9.42,9.23,42281.0
2023-01-05,9.32,9.28,9.35,9.24,22557.0
2023-01-06,9.24,9.33,9.35,9.24,32126.0
2023-01-09,9.37,9.43,9.49,9.31,43900.0
2023-01-10,9.42,9.34,9.46,9.32,27921.0
2023-01-11,9.34,9.22,9.37,9.21,25377.0
2023-01-12,9.23,9.19,9.32,9.16,22987.0
2023-01-13,9.23,9.24,9.33,9.17,22853.0
2023-01-16,9.25,9.32,9.36,9.23,28512.0
2023-01-17,9.32,9.38,9.38,9.27,28227.0
2023-01-18,9.43,9.6,9.65,9.34,49706.0
2023-01-19,9.55,10.57,10.57,9.55,192067.0
2023-01-20,10.28,10.59,10.68,10.22,239894.0
2023-01-30,10.92,11.66,11.66,10.92,230408.0
2023-01-31,11.75,11.88,12.16,11.48,355814.0
2023-02-01,11.99,13.08,13.08,11.97,165786.0
2023-02-02,13.87,13.29,14.23,13.09,559695.0
2023-02-03,13.27,13.06,13.4,12.82,394821.0
2023-02-06,12.98,12.56,13.0,12.26,293373.0
2023-02-07,12.66,12.83,13.06,12.47,288456.0
2023-02-08,12.67,12.52,12.76,12.44,141643.0
2023-02-09,12.56,12.57,12.78,12.5,123970.0
2023-02-10,12.51,12.19,12.55,12.06,185318.0
2023-02-13,12.27,12.39,12.52,12.08,130148.0
2023-02-14,12.38,12.55,13.01,12.24,228833.0
2023-02-15,12.53,12.63,12.92,12.37,171426.0
2023-02-16,12.52,12.05,12.64,11.93,184955.0
2023-02-17,12.17,12.07,12.25,11.97,90600.0
2023-02-20,12.07,12.39,12.54,12.01,116320.0
2023-02-21,12.46,12.57,12.72,12.29,116216.0
2023-02-22,12.51,12.53,12.56,12.34,83119.0
2023-02-23,12.53,12.43,12.72,12.39,82146.0
2023-02-24,12.38,12.53,12.6,12.32,72283.0
2023-02-27,12.48,12.4,12.64,12.32,57657.0
2023-02-28,12.39,12.45,12.52,12.29,59114.0
2023-03-01,12.46,12.64,12.66,12.37,96668.0
2023-03-02,12.65,12.3,12.72,12.26,87650.0
2023-03-03,12.3,12.35,12.42,12.24,42232.0
2023-03-06,12.38,12.55,12.64,12.25,67238.0
2023-03-07,12.55,12.12,12.55,12.12,66218.0
2023-03-08,12.17,12.11,12.23,12.0,49687.0
2023-03-09,12.75,12.0,13.17,11.83,262834.0
2023-03-10,11.65,11.66,11.87,11.47,179154.0
2023-03-13,11.46,11.6,11.92,11.37,74321.0
2023-03-14,11.59,11.75,11.96,11.53,91633.0
2023-03-15,11.67,11.83,11.95,11.67,64964.0
2023-03-16,11.66,11.38,11.74,11.37,62207.0
2023-03-17,11.52,11.36,11.59,11.33,50220.0
2023-03-20,11.37,11.49,11.76,11.27,71333.0
2023-03-21,11.52,11.72,11.72,11.38,51868.0
2023-03-22,11.74,11.68,11.95,11.59,51622.0
2023-03-23,11.68,11.7,11.75,11.6,36384.0
2023-03-24,11.69,11.75,11.83,11.66,36254.0
2023-03-27,11.71,11.54,11.72,11.47,47679.0
2023-03-28,11.61,11.24,11.61,11.24,42036.0
2023-03-29,11.24,11.25,11.37,11.17,38935.0
2023-03-30,11.17,11.22,11.32,11.07,32992.0
2023-03-31,11.34,11.64,12.07,11.23,108953.0
2023-04-03,11.56,11.84,11.94,11.52,72420.0
2023-04-04,11.74,11.63,11.83,11.58,55048.0
2023-04-06,11.66,12.04,12.19,11.62,98598.0
2023-04-07,12.0,11.81,12.0,11.75,69280.0
2023-04-10,11.69,11.4,11.73,11.33,74251.0
2023-04-11,11.45,11.86,11.9,11.32,89435.0
2023-04-12,11.82,11.81,11.99,11.64,74184.0
2023-04-13,11.92,12.53,12.6,11.87,281591.0
2023-04-14,12.35,12.81,12.87,12.05,342944.0
2023-04-17,12.65,12.97,13.1,12.47,254243.0
2023-04-18,12.97,12.74,13.1,12.68,155222.0
2023-04-19,12.65,12.51,12.87,12.47,133654.0
2023-04-20,12.55,12.73,12.79,12.27,120450.0
2023-04-21,12.55,12.12,12.71,12.08,88351.0
2023-04-24,12.06,12.0,12.24,11.92,68680.0
2023-04-25,12.19,11.16,12.3,11.04,123181.0
2023-04-26,11.0,11.6,11.74,11.0,105335.0
2023-04-27,11.48,11.21,11.56,11.18,54118.0
2023-04-28,11.19,11.32,11.32,11.12,44384.0
2023-05-04,11.27,11.1,11.45,11.04,65604.0
2023-05-05,11.11,10.71,11.16,10.48,98703.0
2023-05-08,10.7,10.81,10.93,10.68,58692.0
2023-05-09,10.84,10.86,11.16,10.68,74179.0
2023-05-10,10.78,10.87,10.88,10.7,41164.0
2023-05-11,10.86,10.78,10.87,10.64,40982.0
2023-05-12,10.76,10.57,10.78,10.5,35542.0
2023-05-15,10.45,10.75,10.76,10.45,33860.0
2023-05-16,10.72,10.67,10.78,10.52,44506.0
2023-05-17,10.59,10.84,10.85,10.56,39567.0
2023-05-18,10.83,10.97,11.03,10.83,47968.0
2023-05-19,10.98,11.03,11.06,10.77,43438.0
2023-05-22,11.02,10.92,11.02,10.8,33215.0
2023-05-23,10.85,10.81,10.96,10.79,30995.0
2023-05-24,10.8,10.88,10.99,10.71,41435.0
2023-05-25,10.92,10.77,10.92,10.57,40130.0
2023-05-26,10.72,10.93,10.99,10.6,45719.0
2023-05-29,10.97,10.62,11.06,10.62,44829.0
2023-05-30,10.57,10.75,10.79,10.57,32253.0
2023-05-31,10.73,10.59,10.78,10.58,35114.0
2023-06-01,10.57,10.82,10.95,10.55,54547.0
2023-06-02,10.85,11.25,11.27,10.79,92937.0
2023-06-05,11.21,11.03,11.21,10.92,61042.0
2023-06-06,10.97,10.75,11.02,10.72,47774.0
2023-06-07,10.75,10.64,10.75,10.59,36402.0
2023-06-08,10.67,10.66,10.73,10.53,36688.0
2023-06-09,10.66,10.79,10.87,10.65,46940.0
2023-06-12,10.8,10.71,10.81,10.57,34335.0
2023-06-13,10.71,10.66,10.71,10.6,28088.0
2023-06-14,10.67,10.84,10.98,10.56,64377.0
2023-06-15,10.79,11.05,11.1,10.61,81388.0
2023-06-16,11.02,11.42,11.64,10.95,125679.0
2023-06-19,11.74,12.58,12.58,11.74,233211.0
2023-06-20,12.76,12.65,12.84,12.28,319232.0
2023-06-21,12.53,12.24,12.87,12.17,176134.0
2023-06-26,12.02,11.86,12.24,11.81,129307.0
2023-06-27,11.96,12.0,12.14,11.82,91590.0
2023-06-28,12.12,11.72,12.12,11.57,90379.0
2023-06-29,11.69,11.9,12.05,11.58,64112.0
2023-06-30,11.84,12.12,12.2,11.84,67795.0
2023-07-03,12.08,12.19,12.25,12.07,69195.0
2023-07-04,12.64,12.05,12.95,11.97,196601.0
2023-07-05,11.89,13.27,13.27,11.89,330596.0
2023-07-06,13.27,13.04,13.54,12.98,371270.0
2023-07-07,13.04,12.71,13.07,12.55,185176.0
2023-07-10,12.68,12.54,12.82,12.53,110190.0
2023-07-11,12.57,12.64,12.64,12.28,129885.0
2023-07-12,12.5,12.42,12.57,12.0,127537.0
2023-07-13,12.49,12.47,12.74,12.38,122877.0
2023-07-14,12.49,12.44,12.66,12.37,82020.0
2023-07-17,12.32,12.23,12.47,12.15,69939.0
2023-07-18,12.25,12.32,12.42,12.22,52208.0
2023-07-19,12.32,12.31,12.38,12.15,57800.0
2023-07-20,12.38,12.03,12.38,11.99,58193.0
2023-07-21,12.01,11.97,12.15,11.87,46919.0
2023-07-24,11.97,11.99,12.09,11.83,32309.0
2023-07-25,12.04,12.08,12.18,11.98,51041.0
2023-07-26,12.1,11.86,12.15,11.79,54032.0
2023-07-27,11.9,11.86,12.08,11.82,43530.0
2023-07-28,11.87,12.0,12.0,11.65,57416.0
2023-07-31,12.07,12.22,12.47,12.05,137630.0
2023-08-01,12.26,13.45,13.46,12.25,364396.0
2023-08-02,14.11,13.33,14.81,13.27,784652.0
2023-08-03,12.47,12.72,12.97,12.28,444934.0
2023-08-04,12.63,12.79,13.21,12.12,463518.0
2023-08-07,12.45,13.76,13.96,12.3,524118.0
2023-08-08,13.29,12.87,13.29,12.86,321383.0
2023-08-09,12.59,13.28,13.47,12.57,346226.0
2023-08-10,13.21,13.0,13.27,12.81,203705.0
2023-08-11,13.06,12.29,13.17,12.28,212767.0
2023-08-14,12.17,12.31,12.55,12.08,114810.0
2023-08-15,12.26,12.24,12.62,12.19,127214.0
2023-08-16,12.15,11.77,12.22,11.58,184574.0
2023-08-17,11.68,11.94,11.96,11.45,109211.0
2023-08-18,11.84,11.62,12.02,11.62,85319.0
2023-08-21,11.86,11.95,12.47,11.82,166984.0
2023-08-22,11.99,12.05,12.31,11.73,126290.0
2023-08-23,11.94,11.4,11.95,11.37,120792.0
2023-08-24,11.39,11.25,11.53,11.22,89286.0
2023-08-25,11.13,10.87,11.17,10.79,98818.0
2023-08-28,11.41,11.11,11.56,11.05,114544.0
2023-08-29,11.07,11.65,11.65,11.0,104453.0
2023-08-30,11.59,11.81,11.97,11.58,85619.0
2023-08-31,11.73,11.65,11.79,11.53,66482.0
2023-09-01,11.58,11.85,11.96,11.58,75191.0
2023-09-04,11.86,12.37,12.39,11.86,137377.0
2023-09-05,12.24,12.42,12.48,12.18,98069.0
2023-09-06,12.37,12.4,12.41,12.21,71765.0
2023-09-07,12.33,12.1,12.34,12.09,80520.0
2023-09-08,12.14,12.24,12.35,12.02,70538.0
2023-09-11,12.24,12.33,12.4,12.09,68828.0
2023-09-12,12.27,12.17,12.33,12.16,45813.0
2023-09-13,12.16,13.06,13.4,12.16,527070.0
2023-09-14,13.85,12.73,14.15,12.56,452752.0
2023-09-15,13.76,14.02,14.02,13.49,251136.0
2023-09-18,15.44,14.52,15.44,14.32,1093442.0
2023-09-19,13.47,13.06,13.68,13.06,727488.0
2023-09-20,12.66,12.87,13.55,12.61,511255.0
2023-09-21,12.87,13.22,13.48,12.87,415838.0
2023-09-22,13.04,12.95,13.17,12.81,325207.0
2023-09-25,12.85,12.94,13.12,12.81,220406.0
2023-09-26,12.75,12.49,12.77,12.47,227977.0
2023-09-27,12.45,12.44,12.58,12.39,145622.0
2023-09-28,12.47,12.64,12.7,12.41,128118.0
2023-10-09,12.5,12.68,12.72,12.4,121655.0
2023-10-10,12.7,12.73,12.86,12.58,140376.0
2023-10-11,12.65,12.72,12.79,12.61,100030.0
2023-10-12,12.8,12.97,13.05,12.77,210688.0
2023-10-13,12.96,12.7,12.96,12.67,147359.0
2023-10-16,12.7,12.49,12.74,12.35,107599.0
2023-10-17,12.49,12.23,12.49,12.14,91307.0
2023-10-18,12.16,11.8,12.16,11.8,88261.0
2023-10-19,11.78,11.82,12.05,11.7,85102.0
2023-10-20,11.77,11.75,11.93,11.71,64887.0
2023-10-23,11.67,11.42,11.73,11.35,68680.0
2023-10-24,11.48,11.69,11.7,11.45,76957.0
2023-10-25,11.72,11.67,11.85,11.67,109451.0
2023-10-26,11.56,11.63,11.65,11.32,94330.0
2023-10-27,11.58,11.85,11.87,11.42,96620.0
2023-10-30,12.02,12.08,12.19,11.79,153757.0
2023-10-31,11.92,12.14,12.27,11.87,104289.0
2023-11-01,12.11,12.5,12.81,12.03,252107.0
2023-11-02,12.35,12.23,12.58,12.22,157987.0
2023-11-03,12.24,12.34,12.48,12.18,102614.0
2023-11-06,12.54,12.44,12.63,12.34,102833.0
2023-11-07,12.48,12.58,12.62,12.37,123737.0
2023-11-08,12.61,12.54,12.61,12.38,104494.0
2023-11-09,12.47,12.57,12.72,12.42,120193.0
2023-11-10,12.57,12.54,12.71,12.49,91986.0
2023-11-13,12.51,12.71,12.71,12.47,101819.0
2023-11-14,12.68,12.65,12.78,12.61,84043.0
2023-11-15,12.72,12.71,12.77,12.64,84637.0
2023-11-16,12.65,12.48,12.73,12.48,90190.0
2023-11-17,12.47,12.56,12.67,12.43,69456.0
2023-11-20,12.6,12.76,12.77,12.47,94457.0
2023-11-21,12.74,12.67,12.92,12.63,121884.0
2023-11-22,12.62,12.43,12.68,12.43,78237.0
2023-11-23,12.37,12.47,12.5,12.32,52094.0
2023-11-24,12.47,12.14,12.47,12.14,82091.0
2023-11-27,12.13,12.17,12.23,12.04,56804.0
2023-11-28,12.17,12.21,12.21,12.01,41551.0
2023-11-29,12.17,12.3,12.5,12.17,78385.0
2023-11-30,12.26,12.12,12.26,12.01,54179.0
2023-12-01,12.16,12.26,12.28,12.02,46823.0
2023-12-04,12.31,12.55,12.92,12.31,165469.0
2023-12-05,12.46,12.09,12.54,12.08,103977.0
2023-12-06,12.04,12.36,12.59,11.99,112639.0
2023-12-07,12.33,12.18,12.34,12.08,75253.0
2023-12-08,12.17,11.84,12.23,11.84,89747.0
2023-12-11,11.71,11.98,12.01,11.64,64581.0
2023-12-12,11.99,12.13,12.42,11.89,104078.0
2023-12-13,12.08,11.96,12.11,11.93,66896.0
2023-12-14,12.03,11.96,12.14,11.94,43512.0
2023-12-15,12.01,11.96,12.12,11.9,50354.0
2023-12-18,11.88,11.63,11.91,11.62,48386.0
2023-12-19,11.62,11.7,11.79,11.53,46440.0
2023-12-20,11.7,11.58,11.77,11.57,34948.0
2023-12-21,11.49,11.59,11.6,11.27,44919.0
2023-12-22,11.57,11.59,11.77,11.47,49961.0
2023-12-25,11.55,11.82,11.84,11.52,60943.0
2023-12-26,11.77,11.38,11.79,11.36,70162.0
2023-12-27,11.33,11.58,11.63,11.31,50625.0
2023-12-28,11.65,12.17,12.23,11.5,123469.0
2023-12-29,12.1,12.26,12.33,12.08,76184.0
2024-01-02,12.26,12.64,12.86,12.22,158496.0
2024-01-03,12.6,12.5,12.68,12.37,95467.0
2024-01-04,12.45,12.47,12.53,12.35,63271.0
2024-01-05,12.43,12.31,12.74,12.21,96124.0
2024-01-08,12.19,11.85,12.34,11.82,85635.0
2024-01-09,11.81,11.78,11.99,11.69,64217.0
2024-01-10,11.7,11.52,11.85,11.47,60046.0
2024-01-11,11.49,11.65,11.74,11.34,81147.0
2024-01-12,11.59,11.67,11.9,11.55,68428.0
2024-01-15,11.62,11.42,11.66,11.36,60639.0
2024-01-16,11.42,11.18,11.42,10.99,88777.0
2024-01-17,11.14,10.77,11.14,10.77,79355.0
2024-01-18,10.65,10.59,10.74,10.22,100003.0
2024-01-19,10.53,10.4,10.67,10.35,54290.0
2024-01-22,10.34,9.64,10.38,9.52,89235.0
2024-01-23,9.56,9.81,9.84,9.41,78679.0
2024-01-24,9.87,10.06,10.08,9.57,79556.0
2024-01-25,10.0,10.49,10.5,9.97,80690.0
2024-01-26,10.49,10.64,10.76,10.42,78331.0
2024-01-29,10.66,10.45,10.72,10.33,66731.0
2024-01-30,10.33,10.07,10.47,10.04,46417.0
2024-01-31,9.97,9.51,10.07,9.45,68490.0
2024-02-01,9.46,9.31,9.55,9.11,61899.0
2024-02-02,9.33,8.89,9.53,8.49,93850.0
2024-02-05,8.78,8.03,8.84,7.99,123648.0
2024-02-06,7.92,8.59,8.74,7.64,113880.0
2024-02-07,8.54,8.75,9.11,8.4,134120.0
2024-02-08,8.77,9.3,9.42,8.63,142539.0
2024-02-19,9.3,9.39,9.43,9.15,121845.0
2024-02-20,9.29,9.31,9.36,9.11,74414.0
2024-02-21,9.21,9.46,9.73,9.18,105715.0
2024-02-22,9.45,9.75,9.86,9.4,94354.0
2024-02-23,9.76,10.02,10.07,9.67,105816.0
2024-02-26,10.05,10.05,10.2,9.89,97343.0
2024-02-27,10.03,10.32,10.32,9.95,73452.0
2024-02-28,10.31,9.65,10.6,9.64,137890.0
2024-02-29,9.58,10.15,10.15,9.52,108181.0
2024-03-01,10.16,10.28,10.32,10.07,81112.0
2024-03-04,10.43,10.51,10.67,10.2,133740.0
2024-03-05,10.35,10.24,10.45,10.2,85005.0
2024-03-06,10.25,10.47,10.74,10.22,100431.0
2024-03-07,10.62,10.67,10.95,10.46,188507.0
2024-03-08,10.64,11.06,11.08,10.43,185130.0
2024-03-11,10.87,10.9,10.94,10.69,145762.0
2024-03-12,10.87,10.76,10.89,10.67,103246.0
2024-03-13,10.73,10.77,10.87,10.7,90018.0
2024-03-14,10.83,10.79,11.17,10.69,122827.0
2024-03-15,10.73,11.21,11.31,10.68,158791.0
2024-03-18,11.12,11.23,11.25,11.08,99438.0
2024-03-19,11.22,11.21,11.57,11.17,109470.0
2024-03-20,11.2,11.32,11.43,11.16,85207.0
2024-03-21,11.4,11.3,11.52,11.13,75777.0
2024-03-22,11.24,11.04,11.29,10.96,92240.0
2024-03-25,10.97,10.92,11.25,10.91,77444.0
2024-03-26,10.87,10.84,10.99,10.63,75738.0
2024-03-27,10.78,10.46,10.85,10.44,66095.0
2024-03-28,10.46,10.77,10.84,10.46,79638.0
2024-03-29,10.77,11.14,11.18,10.68,92455.0
2024-04-01,11.19,11.44,11.58,11.18,110499.0
2024-04-02,11.37,11.82,12.06,11.3,217466.0
2024-04-03,12.06,12.31,12.71,11.77,378733.0
2024-04-08,12.14,11.95,12.57,11.88,310774.0
2024-04-09,11.78,12.4,12.63,11.78,280590.0
2024-04-10,12.31,11.94,12.37,11.79,182760.0
2024-04-11,11.73,11.96,12.31,11.62,171404.0
2024-04-12,11.99,11.92,12.2,11.75,138730.0
2024-04-15,11.68,11.36,11.75,10.97,192166.0
2024-04-16,11.22,10.21,11.25,10.21,175918.0
2024-04-17,10.21,10.83,10.87,10.21,142618.0
2024-04-18,10.83,11.11,11.19,10.64,120360.0
2024-04-19,11.0,10.82,11.31,10.76,111506.0
2024-04-22,10.7,10.66,11.02,10.62,110935.0
2024-04-23,10.48,10.31,10.66,10.29,91657.0
2024-04-24,10.31,10.92,10.93,10.27,111277.0
2024-04-25,10.75,10.73,10.95,10.58,76965.0
2024-04-26,10.57,10.83,10.91,10.39,108003.0
2024-04-29,10.81,11.06,11.14,10.7,100116.0
2024-04-30,10.97,10.55,11.11,10.51,176954.0
2024-05-06,10.64,10.91,10.92,10.6,127511.0
2024-05-07,10.89,11.16,11.4,10.89,174163.0
2024-05-08,11.07,10.81,11.1,10.81,133924.0
2024-05-09,10.82,11.41,11.44,10.82,197432.0
2024-05-10,12.56,12.1,12.56,12.02,752086.0
2024-05-13,11.87,11.47,11.97,11.42,477135.0
2024-05-14,11.47,11.4,11.82,11.38,244802.0
2024-05-15,11.27,11.26,11.52,11.08,174225.0
2024-05-16,11.42,11.0,11.47,10.97,196594.0
2024-05-17,11.0,11.07,11.08,10.81,134092.0
2024-05-20,11.23,11.6,11.63,11.09,285752.0
2024-05-21,11.57,11.2,11.6,11.14,192420.0
2024-05-22,11.28,11.09,11.29,11.02,117451.0
2024-05-23,10.83,10.6,10.87,10.58,149622.0
2024-05-24,10.57,10.5,10.72,10.5,102028.0
2024-05-27,10.55,10.74,10.77,10.49,96106.0
2024-05-28,10.67,11.12,11.7,10.66,291193.0
2024-05-29,11.05,12.06,12.25,11.05,588734.0
2024-05-30,11.97,11.49,12.09,11.37,333038.0
2024-05-31,11.52,11.37,11.59,11.34,163523.0
2024-06-03,11.31,10.85,11.34,10.7,207642.0
2024-06-04,10.84,11.1,11.28,10.7,187072.0
2024-06-05,10.94,10.63,10.97,10.61,159587.0
2024-06-06,10.73,10.48,10.9,10.39,187731.0
2024-06-07,10.61,10.37,10.67,10.22,156511.0
2024-06-11,10.2,10.34,10.34,9.94,104372.0
2024-06-12,10.27,10.53,10.55,10.27,83176.0
2024-06-13,10.61,10.95,11.37,10.61,309680.0
2024-06-14,10.82,10.59,10.95,10.47,182745.0
2024-06-17,10.6,10.41,10.61,10.37,97634.0
2024-06-18,10.45,10.63,10.69,10.43,102471.0
2024-06-19,10.6,10.68,10.95,10.55,138680.0
2024-06-20,10.65,10.44,10.78,10.4,103859.0
2024-06-21,10.34,10.36,10.55,10.31,74035.0
2024-06-24,10.25,9.94,10.25,9.82,97538.0
2024-06-25,9.89,10.02,10.17,9.83,73955.0
2024-06-26,9.95,10.29,10.32,9.86,76851.0
2024-06-27,10.17,9.88,10.23,9.85,92712.0
2024-06-28,9.83,10.08,10.22,9.83,79656.0
2024-07-01,10.2,10.23,10.23,10.0,61602.0
2024-07-02,10.14,10.11,10.2,10.07,48570.0
2024-07-03,10.12,9.99,10.16,9.95,36111.0
2024-07-04,10.03,9.68,10.11,9.63,89431.0
2024-07-05,9.68,9.82,9.87,9.48,61570.0
2024-07-08,9.76,9.56,9.85,9.51,51673.0
2024-07-09,9.57,9.87,9.88,9.37,79097.0
2024-07-10,9.83,9.71,9.99,9.68,57395.0
2024-07-11,9.83,10.22,10.23,9.83,114902.0
2024-07-12,10.17,10.03,10.22,9.98,64537.0
2024-07-15,10.03,10.0,10.13,9.96,43280.0
2024-07-16,9.96,10.04,10.07,9.92,39377.0
2024-07-17,10.03,9.79,10.09,9.79,58208.0
2024-07-18,9.79,9.85,9.87,9.53,54971.0
2024-07-19,9.77,9.8,9.91,9.65,38873.0
2024-07-22,9.86,9.86,9.88,9.77,36005.0
2024-07-23,9.87,9.49,9.95,9.47,70847.0
2024-07-24,9.43,9.2,9.51,9.11,71661.0
2024-07-25,9.13,9.22,9.35,9.07,39730.0
2024-07-26,9.23,9.46,9.51,9.23,45565.0
2024-07-29,9.46,9.45,9.54,9.35,29111.0
2024-07-30,9.4,9.46,9.52,9.3,29457.0
2024-07-31,9.5,9.75,9.76,9.44,61936.0
2024-08-01,9.73,9.79,9.9,9.71,57035.0
2024-08-02,9.67,9.81,10.05,9.61,66665.0
2024-08-05,9.71,9.52,9.91,9.51,66264.0
2024-08-06,9.67,9.71,9.73,9.57,48626.0
2024-08-07,9.8,9.88,9.95,9.59,68908.0
2024-08-08,9.78,9.82,9.98,9.77,55883.0
2024-08-09,9.84,9.82,9.96,9.81,50084.0
2024-08-12,9.78,9.65,9.82,9.62,40600.0
2024-08-13,9.73,9.71,9.75,9.59,29098.0
2024-08-14,9.74,9.72,9.97,9.67,56980.0
2024-08-15,9.59,9.89,9.9,9.54,67175.0
2024-08-16,9.9,9.83,10.0,9.8,34647.0
2024-08-19,9.87,9.95,10.01,9.81,48944.0
2024-08-20,9.88,9.82,10.08,9.78,58511.0
2024-08-21,9.77,9.94,10.0,9.73,40365.0
2024-08-22,9.9,9.55,9.95,9.51,63854.0
2024-08-23,9.55,9.48,9.57,9.36,46676.0
2024-08-26,9.48,9.92,10.01,9.48,76553.0
2024-08-27,9.86,9.78,9.88,9.74,36783.0
2024-08-28,9.78,10.17,10.27,9.78,124704.0
2024-08-29,10.07,10.27,10.31,10.02,85375.0
2024-08-30,10.2,10.21,10.39,10.16,114598.0
2024-09-02,10.1,10.17,10.38,10.08,64553.0
2024-09-03,10.15,10.29,10.42,10.13,58228.0
2024-09-04,10.18,10.15,10.3,10.1,51254.0
2024-09-05,10.12,10.17,10.32,10.08,40157.0
2024-09-06,10.13,9.95,10.23,9.95,39771.0
2024-09-09,9.89,9.84,9.96,9.78,37585.0
2024-09-10,9.86,9.83,9.93,9.62,36520.0
2024-09-11,9.77,9.86,9.9,9.75,26581.0
2024-09-12,9.81,9.86,10.02,9.81,32335.0
2024-09-13,9.88,9.64,9.97,9.64,34043.0
2024-09-18,9.64,9.65,9.74,9.42,31196.0
2024-09-19,9.69,10.07,10.07,9.6,72164.0
2024-09-20,10.06,10.04,10.06,9.96,42633.0
2024-09-23,10.0,10.11,10.16,9.98,42663.0
2024-09-24,10.13,10.3,10.33,10.09,87853.0
2024-09-25,10.4,10.27,10.57,10.2,136572.0
2024-09-26,10.23,10.59,10.6,10.23,109004.0
2024-09-27,10.69,10.94,11.06,10.69,187644.0
2024-09-30,11.39,11.79,11.86,11.03,364873.0
2024-10-08,12.97,12.42,12.97,11.58,411809.0
2024-10-09,12.16,11.58,12.16,11.32,276273.0
2024-10-10,11.66,11.94,12.35,11.42,228222.0
2024-10-11,11.84,11.57,12.06,11.48,145502.0
2024-10-14,11.61,11.81,11.85,11.5,127459.0
2024-10-15,11.74,11.44,11.86,11.38,132027.0
2024-10-16,11.25,11.37,11.57,11.18,97643.0
2024-10-17,11.42,11.28,11.6,11.24,90048.0
2024-10-18,11.29,11.66,11.82,11.24,159389.0
2024-10-21,11.69,11.91,12.12,11.67,159421.0
2024-10-22,11.88,11.95,12.09,11.8,118507.0
2024-10-23,11.86,12.06,12.18,11.83,149402.0
2024-10-24,11.97,11.96,12.05,11.77,94763.0
2024-10-25,11.97,12.14,12.25,11.95,126035.0
2024-10-28,12.11,12.32,12.32,12.09,121956.0
2024-10-29,12.47,12.42,12.87,12.2,288901.0
2024-10-30,12.57,12.53,12.86,12.36,172941.0
2024-10-31,12.45,13.45,13.8,12.41,607997.0
2024-11-01,13.17,13.75,14.67,12.97,655465.0
2024-11-04,13.81,13.31,13.95,12.85,397938.0
2024-11-05,13.17,14.09,14.13,13.13,421916.0
2024-11-06,13.93,13.79,14.34,13.67,381813.0
2024-11-07,13.57,13.79,13.92,13.46,208260.0
2024-11-08,13.82,13.63,14.12,13.52,253546.0
2024-11-11,13.57,14.16,14.33,13.46,259457.0
2024-11-12,15.37,15.05,15.59,14.83,691281.0
2024-11-13,14.75,14.27,15.13,13.9,438651.0
2024-11-14,14.17,13.54,14.26,13.53,262218.0
2024-11-15,13.47,13.37,14.02,13.34,187503.0
2024-11-18,13.38,12.88,13.46,12.76,169812.0
2024-11-19,12.88,13.31,13.32,12.79,140129.0
2024-11-20,13.18,13.93,14.21,13.11,281817.0
2024-11-21,13.94,14.49,15.1,13.94,390635.0
2024-11-22,14.38,13.88,14.8,13.84,345608.0
2024-11-25,13.83,14.15,14.25,13.74,251980.0
2024-11-26,14.27,13.87,15.02,13.84,352560.0
2024-11-27,13.57,15.27,15.27,13.08,687896.0
2024-11-28,16.32,16.81,16.81,16.2,607941.0
2024-11-29,16.16,15.78,17.8,15.57,927331.0
2024-12-02,15.22,15.22,15.77,14.97,561790.0
2024-12-03,15.22,15.94,16.59,15.19,631531.0
2024-12-04,15.72,14.72,15.94,14.48,600922.0
2024-12-05,14.46,14.8,14.87,14.37,311135.0
2024-12-06,14.62,14.77,14.88,14.45,243833.0
2024-12-09,14.77,14.51,14.95,14.39,216557.0
2024-12-10,14.82,14.57,14.87,14.51,214960.0
2024-12-11,14.65,14.86,15.01,14.59,210359.0
2024-12-12,14.75,14.72,14.82,14.45,183664.0
2024-12-13,14.6,14.07,14.6,14.04,221003.0
2024-12-16,14.06,13.73,14.16,13.63,158187.0
2024-12-17,13.69,13.46,13.81,13.41,101753.0
2024-12-18,13.52,13.62,13.74,13.41,95695.0
2024-12-19,13.53,13.48,13.57,13.29,104288.0
2024-12-20,13.48,13.63,13.8,13.44,107736.0
2024-12-23,13.63,13.18,13.71,13.15,107119.0
2024-12-24,13.22,13.36,13.37,13.06,77286.0
2024-12-25,13.32,13.04,13.35,12.9,85084.0
2024-12-26,13.03,13.67,13.91,13.02,189918.0
2024-12-27,13.76,13.69,14.02,13.59,135208.0
2024-12-30,13.71,14.01,14.16,13.59,168340.0
2024-12-31,14.1,13.62,14.38,13.52,161882.0
2025-01-02,13.55,13.77,14.28,13.32,195947.0
2025-01-03,13.64,13.22,14.14,13.12,223041.0
2025-01-06,13.35,13.57,14.17,12.97,197124.0
2025-01-07,13.51,14.94,14.94,13.47,407524.0
2025-01-08,14.96,14.79,15.41,14.41,534503.0
2025-01-09,14.78,14.62,15.02,14.59,314026.0
2025-01-10,14.51,14.01,14.71,14.0,272874.0
2025-01-13,13.82,14.71,14.71,13.24,392060.0
2025-01-14,14.62,15.34,15.41,14.37,467344.0
2025-01-15,15.07,14.91,15.24,14.83,273415.0
2025-01-16,14.99,15.37,15.38,14.99,335455.0
2025-01-17,15.3,14.96,15.3,14.77,215130.0
2025-01-20,15.0,14.7,15.06,14.64,178176.0
2025-01-21,14.78,14.84,14.86,14.37,170120.0
2025-01-22,14.73,14.59,14.97,14.54,131108.0
2025-01-23,14.7,14.83,15.84,14.7,301485.0
2025-01-24,14.73,14.88,14.97,14.62,155040.0
2025-01-27,14.79,14.12,14.9,14.12,170466.0
2025-02-05,14.33,14.12,14.39,14.0,118566.0
2025-02-06,14.12,14.69,14.75,14.08,164687.0
2025-02-07,14.67,14.76,14.87,14.47,181970.0
2025-02-10,14.75,15.0,15.22,14.65,195438.0
2025-02-11,14.93,15.06,15.17,14.87,171361.0
2025-02-12,15.02,15.01,15.02,14.72,143576.0
2025-02-13,14.96,14.6,15.05,14.59,134843.0
2025-02-14,14.58,14.47,14.75,14.38,110529.0
2025-02-17,14.44,14.46,14.59,14.31,126232.0
2025-02-18,14.5,14.08,14.57,13.96,131216.0
2025-02-19,14.42,14.78,14.78,14.37,253878.0
2025-02-20,14.63,14.81,14.89,14.55,182117.0
2025-02-21,14.82,15.12,15.23,14.69,240895.0
2025-02-24,15.1,15.13,15.43,14.99,181189.0
2025-02-25,15.02,14.95,15.11,14.79,127677.0
2025-02-26,14.96,15.02,15.22,14.87,141221.0
2025-02-27,15.14,14.77,15.31,14.43,161310.0
2025-02-28,14.6,14.24,14.72,14.2,134474.0
2025-03-03,14.28,14.94,15.4,14.25,265595.0
2025-03-04,14.84,15.56,15.75,14.78,373470.0
2025-03-05,15.38,15.53,15.58,15.12,183009.0
2025-03-06,15.62,15.62,15.77,15.41,202597.0
2025-03-07,15.53,16.22,16.77,15.52,379614.0
2025-03-10,16.47,16.12,16.52,15.88,254497.0
2025-03-11,15.83,16.36,16.43,15.75,223071.0
2025-03-12,16.42,16.27,16.94,16.26,321685.0
2025-03-13,16.42,16.57,16.59,15.9,234158.0
2025-03-14,18.24,17.04,18.24,16.84,705593.0
2025-03-17,16.54,16.31,16.69,16.14,401385.0
2025-03-18,16.26,16.22,16.57,16.22,236300.0
2025-03-19,16.18,16.09,16.24,15.86,196064.0
2025-03-20,16.1,15.87,16.1,15.86,128393.0
2025-03-21,15.77,15.57,16.0,15.44,152163.0
2025-03-24,15.65,15.85,16.07,15.47,175687.0
2025-03-25,16.02,16.64,17.12,15.8,417305.0
2025-03-26,16.4,16.34,16.77,16.18,222997.0
2025-03-27,16.11,16.07,16.27,15.75,151478.0
2025-03-28,15.93,15.79,16.09,15.55,152354.0
2025-03-31,15.63,15.68,15.79,15.26,116531.0
2025-04-01,15.71,16.31,16.83,15.67,247236.0
2025-04-02,16.23,16.12,16.46,16.03,137223.0
2025-04-03,15.94,15.66,16.12,15.54,119383.0
2025-04-07,14.71,14.09,14.71,14.09,133539.0
2025-04-08,13.73,13.13,13.89,12.76,257240.0
2025-04-09,12.81,13.64,13.77,11.94,219158.0
2025-04-10,14.06,14.09,14.32,13.95,159636.0
2025-04-11,13.97,14.23,14.35,13.96,100627.0
2025-04-14,14.43,14.72,14.9,14.42,135581.0
2025-04-15,14.69,14.43,14.76,14.25,109278.0
2025-04-16,14.43,14.14,14.54,13.92,71738.0
2025-04-17,14.15,14.21,14.52,14.12,67899.0
2025-04-18,14.2,14.3,14.42,14.04,57152.0
2025-04-21,14.3,14.68,14.72,14.21,82728.0
2025-04-22,14.63,14.73,14.89,14.51,88521.0
2025-04-23,14.74,14.92,15.08,14.59,103706.0
2025-04-24,14.87,14.91,15.0,14.68,71198.0
2025-04-25,14.91,14.97,15.14,14.73,104105.0
2025-04-28,14.96,14.74,14.96,14.67,54205.0
2025-04-29,14.72,14.64,14.84,14.57,57786.0
2025-04-30,14.69,14.8,15.0,14.64,59985.0
2025-05-06,14.92,15.35,15.41,14.92,140081.0
2025-05-07,15.41,15.27,15.58,15.17,102119.0
2025-05-08,15.25,15.45,15.45,15.17,77853.0
2025-05-09,15.46,15.4,15.53,15.31,83762.0
2025-05-12,15.5,16.41,16.57,15.34,270944.0
2025-05-13,16.36,16.12,16.37,16.07,125729.0
2025-05-14,16.11,16.05,16.26,15.93,103327.0
2025-05-15,16.05,15.93,16.15,15.84,79901.0
2025-05-16,15.89,16.21,16.69,15.85,171411.0
2025-05-19,16.42,16.6,17.16,16.1,248099.0
2025-05-20,16.5,16.92,17.32,16.35,225871.0
2025-05-21,16.59,17.77,18.62,16.53,607780.0
2025-05-22,17.69,17.43,18.35,17.33,436600.0
2025-05-23,17.48,18.15,19.18,17.48,598858.0
2025-05-26,18.46,18.87,19.24,17.91,716686.0
2025-05-27,18.48,17.57,18.52,17.35,492426.0
2025-05-28,17.32,17.36,17.9,17.24,337584.0
2025-05-29,17.18,17.59,18.03,16.94,375558.0
2025-05-30,17.21,16.55,17.29,16.42,301054.0
2025-06-03,16.55,16.83,16.91,16.4,162047.0
2025-06-04,16.82,17.16,17.58,16.82,187539.0
2025-06-05,17.1,17.15,17.52,17.06,139919.0
2025-06-06,17.16,16.81,17.27,16.77,153777.0
2025-06-09,16.92,16.74,17.1,16.54,199677.0
2025-06-10,16.73,16.47,16.79,16.3,179794.0
2025-06-11,16.48,16.57,16.74,16.4,130855.0
2025-06-12,16.67,16.51,16.74,16.42,124495.0
2025-06-13,16.51,16.25,16.63,16.2,123651.0
2025-06-16,16.24,16.48,16.84,16.0,141912.0
2025-06-17,16.49,16.38,16.74,16.31,101041.0
2025-06-18,16.42,16.23,16.42,16.13,81391.0
2025-06-19,16.21,15.85,16.29,15.79,103509.0
2025-06-20,15.82,15.68,16.1,15.62,83047.0
2025-06-23,15.6,15.97,16.12,15.6,103164.0
2025-06-24,15.61,15.87,16.12,15.43,196019.0
2025-06-25,15.88,15.92,16.1,15.78,131639.0
2025-06-26,15.95,16.05,16.37,15.94,193608.0
2025-06-27,16.16,16.25,16.34,16.08,158985.0
2025-06-30,16.26,16.41,16.44,16.08,165763.0
2025-07-01,16.36,16.75,16.75,16.36,200540.0
2025-07-02,16.7,16.47,16.7,16.38,149766.0
2025-07-03,16.46,16.38,16.55,16.19,118619.0
2025-07-04,16.3,16.28,16.58,16.18,115444.0
2025-07-07,16.41,16.43,16.54,16.2,97458.0
2025-07-08,16.35,16.65,16.77,16.35,154951.0
2025-07-09,16.69,16.48,16.76,16.46,125297.0
2025-07-10,16.49,16.59,16.64,16.38,102092.0
2025-07-11,16.58,16.93,17.17,16.58,247336.0
2025-07-14,16.95,16.95,17.18,16.89,150802.0
2025-07-15,16.94,16.75,17.05,16.6,118607.0
2025-07-16,16.72,16.61,16.89,16.55,102748.0
2025-07-17,16.63,16.95,16.99,16.5,118507.0
2025-07-18,16.9,17.25,17.4,16.87,212228.0
2025-07-21,17.26,17.55,17.65,17.07,170407.0
2025-07-22,17.51,17.67,17.69,17.33,179063.0
2025-07-23,18.18,17.98,18.55,17.95,363482.0
2025-07-24,17.9,18.32,18.55,17.76,277649.0
2025-07-25,18.3,18.1,18.3,17.88,192003.0
2025-07-28,18.0,18.15,18.39,17.75,163335.0
2025-07-29,18.01,17.85,18.16,17.66,149553.0
2025-07-30,17.84,17.35,17.85,17.14,154648.0
2025-07-31,17.28,16.88,17.41,16.81,124991.0
2025-08-01,16.86,16.9,17.01,16.71,94129.0
2025-08-04,16.81,17.17,17.19,16.76,93031.0
2025-08-05,17.24,17.16,17.25,17.08,78481.0
2025-08-06,17.2,17.26,17.27,17.12,75211.0
2025-08-07,17.25,17.42,17.46,16.93,154081.0
2025-08-08,17.26,17.39,17.46,17.09,105579.0
2025-08-11,17.33,17.58,17.6,17.21,121025.0
2025-08-12,17.57,17.83,17.88,17.3,162241.0
2025-08-13,17.83,19.61,19.61,17.83,472335.0
2025-08-14,19.24,19.84,20.58,19.23,740089.0
2025-08-15,19.74,20.06,20.15,19.52,440702.0
2025-08-18,20.2,20.79,21.0,19.86,495218.0
2025-08-19,21.56,21.05,22.25,20.7,495766.0
2025-08-20,20.8,21.48,22.09,20.6,352971.0
2025-08-21,21.18,20.98,22.07,20.82,280859.0
2025-08-22,20.8,20.68,21.17,20.5,240204.0
2025-08-25,21.07,21.05,21.18,20.71,256218.0
2025-08-26,21.35,21.01,21.48,20.95,233872.0
2025-08-27,21.0,20.4,21.34,20.4,223892.0
2025-08-28,20.44,20.88,20.93,20.21,238786.0
2025-08-29,20.99,21.96,22.12,20.98,344144.0
2025-09-01,21.97,22.55,22.88,21.58,369683.0
2025-09-02,22.66,21.79,22.8,21.6,266850.0
2025-09-03,22.0,21.07,22.09,21.0,186072.0
2025-09-04,21.1,20.5,21.87,20.14,215747.0
2025-09-05,20.48,22.55,22.55,20.47,267246.0
2025-09-08,23.3,23.67,24.25,22.56,448000.0
2025-09-09,23.55,23.34,24.06,23.17,275842.0
2025-09-10,23.01,22.8,23.59,22.39,212501.0
2025-09-11,22.81,23.54,23.65,22.44,207470.0
2025-09-12,23.54,24.7,24.95,23.2,313508.0
2025-09-15,24.6,24.35,24.6,23.77,221764.0
2025-09-16,24.5,24.22,24.57,23.35,184518.0
2025-09-17,24.2,24.05,24.35,23.65,119682.0
2025-09-18,23.96,23.18,23.97,22.71,182811.0
2025-09-19,23.18,24.25,24.77,23.02,211889.0
2025-09-22,24.26,24.13,24.61,23.8,129591.0
2025-09-23,24.13,23.44,24.2,22.92,155990.0
2025-09-24,23.44,24.9,25.07,23.26,256198.0
2025-09-25,24.81,25.08,25.88,24.4,203066.0
2025-09-26,25.0,24.48,25.63,24.48,137769.0
2025-09-29,24.69,24.5,24.95,24.29,115489.0
2025-09-30,24.66,24.4,25.17,24.06,161146.0
2025-10-09,24.98,25.99,26.26,24.88,246595.0
2025-10-10,25.99,25.11,26.0,24.83,193219.0
2025-10-13,24.1,27.62,27.62,24.1,247466.0
2025-10-14,28.66,28.22,29.58,27.65,442227.0
2025-10-15,28.22,27.14,28.22,26.12,285850.0
2025-10-16,27.15,27.77,28.8,26.9,253561.0
2025-10-17,27.57,26.45,28.18,26.3,193075.0
2025-10-20,26.95,28.07,29.1,26.55,442143.0
2025-10-21,28.01,27.58,28.73,27.44,328677.0
2025-10-22,27.2,26.8,27.64,26.63,175729.0
2025-10-23,27.5,29.48,29.48,26.46,391269.0
2025-10-24,29.0,29.0,29.74,28.38,396557.0
2025-10-27,29.46,31.9,31.9,29.09,442071.0
2025-10-28,32.8,34.5,35.09,32.58,606426.0
2025-10-29,34.5,34.2,35.8,33.6,670695.0
2025-10-30,33.62,33.07,34.29,32.8,383691.0
2025-10-31,33.11,31.02,33.47,30.83,320503.0
2025-11-03,31.6,30.01,31.96,28.92,366420.0
2025-11-04,30.53,29.88,30.62,29.57,254907.0
2025-11-05,29.33,31.0,31.23,29.01,361297.0
2025-11-06,30.95,30.81,31.94,30.34,298947.0
2025-11-07,30.55,31.13,32.2,30.55,327525.0
2025-11-10,31.05,28.02,31.05,28.02,445565.0
2025-11-11,27.91,27.93,28.7,27.35,298133.0
2025-11-12,27.6,26.38,27.76,26.05,347052.0
2025-11-13,26.55,27.5,27.88,26.41,266867.0
2025-11-14,27.31,27.18,27.53,26.59,146689.0
2025-11-17,27.37,27.42,27.98,27.06,154383.0
2025-11-18,27.32,26.67,27.45,26.36,153941.0
2025-11-19,26.56,26.67,27.01,26.19,134942.0
2025-11-20,26.8,26.52,27.25,26.5,117704.0
2025-11-21,26.2,24.81,26.27,24.8,177757.0
2025-11-24,24.84,25.81,26.12,24.84,154358.0
2025-11-25,26.0,26.43,26.97,25.62,165853.0
2025-11-26,26.45,26.83,27.27,26.16,144702.0
2025-11-27,26.85,26.12,27.28,26.01,146045.0
2025-11-28,26.2,27.77,28.1,26.16,266892.0
2025-12-01,28.0,28.23,28.8,27.13,353953.0
2025-12-02,28.04,27.51,28.04,26.9,178864.0
2025-12-03,27.39,27.12,27.58,26.93,131160.0
2025-12-04,27.11,26.75,27.35,26.66,101134.0
2025-12-05,26.76,27.55,27.88,26.7,137968.0
2025-12-08,29.0,28.11,29.65,28.03,290366.0
2025-12-09,28.0,27.44,28.09,27.04,169090.0
2025-12-10,27.6,27.41,27.86,26.93,123972.0
2025-12-11,27.41,27.85,28.65,27.4,198629.0
2025-12-12,28.01,29.7,30.17,27.23,353261.0
2025-12-15,29.39,29.33,29.81,28.89,184677.0
2025-12-16,29.06,27.84,29.1,27.35,207824.0
2025-12-17,27.71,29.07,29.39,27.65,218037.0
2025-12-18,28.8,28.49,29.25,28.45,149991.0
2025-12-19,28.77,29.63,29.98,28.63,221102.0
2025-12-22,29.64,29.88,30.37,29.36,218529.0
2025-12-23,30.15,29.84,31.15,29.41,263425.0
2025-12-24,29.7,30.34,30.7,28.9,197635.0
2025-12-25,29.98,29.95,30.46,29.81,167577.0
2025-12-26,30.19,30.72,31.11,29.4,285184.0
2025-12-29,30.99,31.79,32.91,30.5,326415.0
2025-12-30,30.8,31.23,32.41,30.5,214878.0
2025-12-31,31.18,33.06,33.6,31.0,294727.0
2026-01-05,33.37,33.29,34.28,32.54,289750.0
2026-01-06,33.26,35.49,36.16,32.7,317589.0
2026-01-07,35.0,35.2,36.68,34.6,248946.0
2026-01-08,35.0,35.4,37.0,34.78,277173.0
2026-01-09,35.41,37.4,38.94,34.74,567880.0
2026-01-12,37.32,39.12,39.95,35.63,542836.0
2026-01-13,38.5,38.05,39.04,37.15,307328.0
2026-01-14,38.28,36.91,39.41,36.78,338389.0
2026-01-15,36.15,37.46,37.49,36.15,243625.0
2026-01-16,37.03,36.4,37.86,36.36,208553.0
2026-01-19,36.26,38.04,38.2,35.6,262526.0
2026-01-20,38.0,37.82,38.78,35.68,275808.0
2026-01-21,37.64,39.0,39.42,37.4,228538.0
2026-01-22,39.0,37.66,39.0,37.31,197196.0
2026-01-23,38.16,38.91,39.12,37.6,209344.0
2026-01-26,39.97,39.58,41.02,38.8,303913.0
2026-01-27,38.83,39.11,40.33,37.85,237727.0
2026-01-28,39.0,43.02,43.02,38.69,315478.0
2026-01-29,44.0,40.66,44.08,39.82,414552.0
2026-01-30,39.05,38.68,39.23,36.59,339743.0
2026-02-02,38.21,39.28,42.28,38.03,350962.0
2026-02-03,40.02,43.21,43.21,40.02,298065.0
2026-02-04,45.26,44.9,46.85,44.25,372326.0
2026-02-05,44.9,41.87,45.65,40.77,344813.0
2026-02-06,40.78,42.58,44.13,40.78,242814.0
2026-02-09,43.13,41.67,43.45,41.0,247907.0
2026-02-10,41.87,40.49,42.3,40.15,181339.0
2026-02-11,40.26,44.54,44.54,40.26,285537.0
2026-02-12,44.93,48.99,48.99,44.2,467152.0
2026-02-13,48.49,47.68,50.0,47.3,327230.0
2026-02-24,48.5,46.65,48.5,46.38,268436.0
2026-02-25,46.66,51.32,51.32,46.25,347450.0
2026-02-26,53.11,55.0,55.9,52.34,392234.0
2026-02-27,55.0,58.81,59.95,55.0,334641.0
2026-03-02,58.23,57.65,58.98,55.01,333419.0
2026-03-03,57.27,52.21,58.2,52.0,368846.0
2026-03-04,51.28,53.06,54.89,50.3,241148.0
2026-03-05,55.0,55.58,57.78,54.5,271107.0
2026-03-06,55.08,53.78,57.32,53.16,241723.0
2026-03-09,52.82,55.03,56.85,51.38,275691.0
2026-03-10,55.43,55.63,55.97,52.88,217865.0
2026-03-11,55.7,53.35,58.0,53.15,258936.0
2026-03-12,52.68,51.08,52.9,49.6,284375.0
2026-03-13,49.8,48.71,50.78,48.53,205051.0
2026-03-16,49.2,50.94,51.9,49.04,254214.0
2026-03-17,50.96,48.45,51.83,48.35,203161.0
2026-03-18,48.9,48.37,49.48,47.78,122075.0
2026-03-19,47.15,45.52,48.0,45.2,232801.0
2026-03-20,46.5,44.55,46.59,44.5,155194.0
2026-03-23,43.68,43.1,45.83,42.46,236137.0
2026-03-24,44.33,44.05,44.62,42.49,168752.0
2026-03-25,45.97,46.44,47.45,45.4,260324.0
2026-03-26,47.41,45.62,47.88,45.1,174675.0
2026-03-27,44.95,46.19,47.73,44.8,201741.0
2026-03-30,45.68,47.22,47.49,45.29,185855.0
2026-03-31,46.55,44.41,47.05,43.93,239711.0
2026-04-01,45.63,44.36,45.65,43.6,143978.0
2026-04-02,44.2,42.07,44.36,41.58,219682.0
2026-04-03,42.06,40.51,42.24,40.42,183947.0
2026-04-07,40.51,40.46,41.08,40.11,115287.0
2026-04-08,41.8,44.51,44.51,41.8,187610.0
2026-04-09,44.51,45.33,46.21,43.81,263467.0
2026-04-10,45.77,44.88,46.06,44.73,145414.0
2026-04-13,44.48,43.74,45.0,43.03,129506.0
2026-04-14,44.45,44.85,45.7,43.88,184116.0
2026-04-15,45.2,44.48,47.28,44.21,245090.0
2026-04-16,44.5,46.29,46.64,43.25,256037.0
2026-04-17,45.83,46.73,48.3,45.71,218302.0
2026-04-20,46.81,48.76,49.1,46.28,267186.0
2026-04-21,48.77,51.62,52.11,47.88,310921.0
2026-04-22,50.81,50.99,51.51,49.47,308133.0
2026-04-23,50.56,47.58,50.79,47.28,265490.0
2026-04-24,46.88,47.96,48.75,46.24,171913.0
2026-04-27,47.8,46.54,48.28,46.03,168101.0
2026-04-28,45.12,43.22,45.14,42.3,277158.0
2026-04-29,43.21,44.39,44.95,42.61,190457.0
2026-04-30,44.2,43.87,44.5,43.22,116748.0
2026-05-06,44.5,46.33,46.93,44.05,195855.0
2026-05-07,46.48,49.11,49.17,46.37,279160.0
2026-05-08,48.33,48.39,49.2,47.71,179151.0
2026-05-11,49.08,48.65,49.1,47.2,202475.0
2026-05-12,48.9,48.51,48.97,46.99,159195.0
2026-05-13,48.28,50.48,50.93,48.08,251397.0
2026-05-14,51.0,50.46,53.97,50.46,268562.0
2026-05-15,50.1,51.24,52.83,49.6,285454.0
2026-05-18,50.51,56.36,56.36,50.25,292592.0
2026-05-19,57.59,55.5,58.48,54.11,350049.0
2026-05-20,54.93,55.04,56.18,53.3,220988.0
2026-05-21,56.3,56.59,60.54,55.88,309412.0
2026-05-22,57.5,62.25,62.25,57.03,294051.0
2026-05-25,67.17,64.77,68.38,63.27,405911.0
2026-05-26,63.68,66.46,66.88,61.5,341725.0
2026-05-27,66.47,64.12,68.9,63.78,259906.0
2026-05-28,64.0,66.29,67.07,62.31,262283.0
2026-05-29,66.64,59.66,67.0,59.66,282810.0
2026-06-01,57.31,55.31,59.19,54.59,396054.0
2026-06-02,55.32,56.49,56.88,51.75,266403.0
2026-06-03,56.0,57.2,58.74,55.5,261412.0
2026-06-04,57.0,59.13,60.85,55.45,255545.0
2026-06-05,58.01,55.85,58.22,54.55,225045.0
2026-06-08,53.14,50.76,54.18,50.4,243079.0
2026-06-09,52.74,55.11,55.34,50.99,221229.0
2026-06-10,54.88,53.01,54.98,51.64,155171.0
2026-06-11,53.6,57.92,58.31,53.6,400398.0
2026-06-12,57.92,57.26,59.44,56.03,419828.0
2026-06-15,59.7,61.1,61.5,58.08,373196.0
2026-06-16,61.84,64.36,66.67,60.5,382052.0
2026-06-17,62.64,62.36,64.89,61.62,316804.0
2026-06-18,62.37,63.01,63.95,61.25,287689.0
2026-06-22,65.2,69.31,69.31,64.7,319585.0
2026-06-23,75.04,72.8,76.12,71.6,736612.0
2026-06-24,70.0,76.38,76.68,69.68,495085.0
2026-06-25,74.58,84.02,84.02,74.58,384021.0
2026-06-26,85.0,87.03,90.15,81.0,428306.0
2026-06-29,88.99,93.88,95.73,88.99,500237.0
