date,open,close,high,low,volume
2019-01-02,2.73,2.68,2.76,2.67,35131.0
2019-01-03,2.68,2.69,2.72,2.66,28988.0
2019-01-04,2.66,2.74,2.75,2.65,36633.0
2019-01-07,2.75,2.75,2.76,2.72,69856.0
2019-01-08,2.74,2.79,2.86,2.73,129450.0
2019-01-09,2.76,2.76,2.81,2.75,131610.0
2019-01-10,2.75,2.74,2.8,2.73,98477.0
2019-01-11,2.74,2.72,2.75,2.69,90188.0
2019-01-14,2.72,2.7,2.73,2.68,62886.0
2019-01-15,2.7,2.72,2.72,2.68,66685.0
2019-01-16,2.71,2.75,2.77,2.69,103835.0
2019-01-17,2.75,2.69,2.75,2.68,71162.0
2019-01-18,2.7,2.73,2.75,2.68,59382.0
2019-01-21,2.72,2.73,2.76,2.71,58947.0
2019-01-22,2.72,2.7,2.73,2.69,55720.0
2019-01-23,2.68,2.68,2.7,2.67,42174.0
2019-01-24,2.68,2.69,2.71,2.67,40783.0
2019-01-25,2.69,2.67,2.71,2.67,36552.0
2019-01-28,2.68,2.65,2.69,2.65,36427.0
2019-01-29,2.64,2.58,2.65,2.53,61449.0
2019-01-30,2.57,2.55,2.59,2.54,36690.0
2019-01-31,2.56,2.51,2.59,2.51,49134.0
2019-02-01,2.52,2.6,2.61,2.52,41241.0
2019-02-11,2.61,2.65,2.65,2.61,37187.0
2019-02-12,2.65,2.68,2.69,2.64,69220.0
2019-02-13,2.66,2.7,2.71,2.65,117444.0
2019-02-14,2.7,2.72,2.75,2.69,99739.0
2019-02-15,2.7,2.71,2.74,2.69,84610.0
2019-02-18,2.71,2.76,2.78,2.71,132835.0
2019-02-19,2.78,2.88,2.99,2.78,377338.0
2019-02-20,2.87,2.82,2.87,2.8,139273.0
2019-02-21,2.84,2.8,2.85,2.77,133689.0
2019-02-22,2.79,2.84,2.84,2.75,123969.0
2019-02-25,2.88,3.01,3.01,2.82,341783.0
2019-02-26,2.99,3.04,3.23,2.97,424154.0
2019-02-27,3.09,3.05,3.15,2.99,255110.0
2019-02-28,3.06,3.06,3.11,3.04,172902.0
2019-03-01,3.08,3.14,3.14,3.05,183061.0
2019-03-04,3.16,3.17,3.25,3.13,269107.0
2019-03-05,3.14,3.2,3.21,3.13,198411.0
2019-03-06,3.2,3.32,3.32,3.19,365669.0
2019-03-07,3.34,3.7,3.7,3.28,466413.0
2019-03-08,3.82,3.63,4.08,3.63,1138114.0
2019-03-11,3.54,3.74,3.82,3.53,501308.0
2019-03-12,3.74,3.7,3.75,3.62,423059.0
2019-03-13,3.69,3.51,3.69,3.47,355046.0
2019-03-14,3.47,3.34,3.53,3.29,247908.0
2019-03-15,3.35,3.47,3.47,3.33,185833.0
2019-03-18,3.42,3.56,3.6,3.36,264192.0
2019-03-19,3.56,3.5,3.59,3.49,167850.0
2019-03-20,3.49,3.77,3.8,3.47,635231.0
2019-03-21,3.81,4.19,4.19,3.79,983878.0
2019-03-22,4.41,4.65,4.65,4.21,1325965.0
2019-03-25,4.66,4.41,5.01,4.41,1847000.0
2019-03-26,4.16,4.55,4.9,3.97,1717465.0
2019-03-27,4.27,4.36,4.64,4.22,1007964.0
2019-03-28,4.24,4.03,4.46,3.99,959364.0
2019-03-29,3.95,3.99,4.05,3.79,670393.0
2019-04-01,4.0,4.12,4.19,3.99,655125.0
2019-04-02,4.08,4.05,4.15,4.02,478607.0
2019-04-03,4.04,4.28,4.3,3.95,708700.0
2019-04-04,4.31,4.18,4.36,4.14,453212.0
2019-04-08,4.2,4.09,4.2,4.0,391329.0
2019-04-09,4.07,4.07,4.14,4.03,215257.0
2019-04-10,4.05,4.09,4.1,4.01,240954.0
2019-04-11,4.1,4.11,4.23,4.06,318442.0
2019-04-12,4.04,3.88,4.05,3.86,349631.0
2019-04-15,3.92,3.8,3.99,3.8,224539.0
2019-04-16,3.79,3.83,3.85,3.68,210847.0
2019-04-17,3.84,3.83,3.88,3.79,185977.0
2019-04-18,3.81,3.89,3.92,3.79,224467.0
2019-04-19,3.86,3.84,3.89,3.81,155834.0
2019-04-22,3.85,3.74,3.86,3.74,161227.0
2019-04-23,3.74,3.73,3.78,3.68,132589.0
2019-04-24,3.72,3.74,3.76,3.66,95058.0
2019-04-25,3.75,3.56,3.78,3.55,178387.0
2019-04-26,3.55,3.56,3.68,3.52,156581.0
2019-04-29,3.58,3.44,3.64,3.44,154346.0
2019-04-30,3.44,3.52,3.56,3.44,111577.0
2019-05-06,3.42,3.12,3.43,3.12,213493.0
2019-05-07,3.14,3.14,3.19,3.07,108979.0
2019-05-08,3.06,3.12,3.2,3.06,96502.0
2019-05-09,3.13,3.09,3.16,3.07,85751.0
2019-05-10,3.11,3.17,3.19,3.06,108784.0
2019-05-13,3.16,3.18,3.21,3.13,80818.0
2019-05-14,3.13,3.13,3.19,3.11,54928.0
2019-05-15,3.14,3.21,3.28,3.14,124525.0
2019-05-16,3.21,3.23,3.26,3.19,101276.0
2019-05-17,3.22,3.12,3.31,3.12,161542.0
2019-05-20,3.12,3.01,3.13,2.9,120077.0
2019-05-21,2.96,3.07,3.09,2.96,65472.0
2019-05-22,3.03,3.02,3.08,3.0,70509.0
2019-05-23,3.01,2.95,3.03,2.95,51552.0
2019-05-24,2.94,2.95,2.99,2.93,51212.0
2019-05-27,2.98,3.04,3.05,2.95,66032.0
2019-05-28,3.05,3.04,3.09,3.02,61123.0
2019-05-29,3.05,3.05,3.09,3.01,66941.0
2019-05-30,3.04,3.06,3.06,3.0,59044.0
2019-05-31,3.06,3.09,3.12,3.03,75480.0
2019-06-03,3.1,3.03,3.12,3.02,70759.0
2019-06-04,3.01,2.98,3.06,2.96,70024.0
2019-06-05,3.01,3.0,3.05,2.99,55581.0
2019-06-06,3.0,2.92,3.02,2.87,77302.0
2019-06-10,2.92,2.92,2.96,2.88,54382.0
2019-06-11,2.93,3.04,3.05,2.92,87107.0
2019-06-12,3.03,3.01,3.08,3.01,62973.0
2019-06-13,3.03,3.02,3.05,2.99,54011.0
2019-06-14,3.04,2.97,3.06,2.96,67700.0
2019-06-17,2.97,2.95,2.99,2.94,43100.0
2019-06-18,2.95,2.95,2.99,2.94,35763.0
2019-06-19,3.0,3.01,3.06,3.0,86914.0
2019-06-20,3.0,3.06,3.09,2.99,105200.0
2019-06-21,3.09,3.18,3.2,3.07,145671.0
2019-06-24,3.16,3.16,3.25,3.11,89963.0
2019-06-25,3.11,3.11,3.21,3.08,90924.0
2019-06-26,3.1,3.15,3.18,3.08,66551.0
2019-06-27,3.15,3.14,3.2,3.1,76325.0
2019-06-28,3.16,3.19,3.21,3.06,132380.0
2019-07-01,3.23,3.3,3.3,3.18,180239.0
2019-07-02,3.26,3.24,3.3,3.23,116776.0
2019-07-03,3.23,3.17,3.24,3.16,72510.0
2019-07-04,3.2,3.16,3.2,3.14,74824.0
2019-07-05,3.19,3.18,3.22,3.16,51166.0
2019-07-08,3.17,3.04,3.19,3.04,96905.0
2019-07-09,3.04,3.04,3.07,2.98,56146.0
2019-07-10,3.04,3.0,3.06,2.99,42525.0
2019-07-11,3.0,3.0,3.05,2.99,46381.0
2019-07-12,3.01,3.01,3.02,2.97,36149.0
2019-07-15,3.01,3.02,3.05,2.94,57608.0
2019-07-16,3.02,3.03,3.05,3.01,33923.0
2019-07-17,3.02,3.02,3.04,3.0,32236.0
2019-07-18,3.02,2.96,3.02,2.96,40589.0
2019-07-19,2.98,3.0,3.04,2.96,37190.0
2019-07-22,2.99,2.92,3.0,2.91,49714.0
2019-07-23,2.94,2.95,2.96,2.92,25847.0
2019-07-24,2.94,3.02,3.03,2.94,69870.0
2019-07-25,3.02,3.01,3.04,2.98,61982.0
2019-07-26,3.0,3.0,3.02,2.97,50523.0
2019-07-29,3.0,2.97,3.01,2.95,41353.0
2019-07-30,2.97,3.01,3.04,2.96,62850.0
2019-07-31,2.98,2.98,3.01,2.97,30256.0
2019-08-01,2.97,2.97,3.0,2.96,28855.0
2019-08-02,2.94,2.87,2.94,2.86,74154.0
2019-08-05,2.87,2.83,2.87,2.8,41795.0
2019-08-06,2.79,2.71,2.79,2.65,79894.0
2019-08-07,2.71,2.69,2.74,2.69,39640.0
2019-08-08,2.69,2.7,2.74,2.69,33148.0
2019-08-09,2.71,2.67,2.72,2.66,29596.0
2019-08-12,2.67,2.7,2.71,2.66,25649.0
2019-08-13,2.69,2.69,2.71,2.66,27840.0
2019-08-14,2.71,2.71,2.73,2.7,38790.0
2019-08-15,2.67,2.7,2.71,2.64,39026.0
2019-08-16,2.68,2.7,2.73,2.68,35034.0
2019-08-19,2.73,2.79,2.79,2.71,64924.0
2019-08-20,2.78,2.81,2.86,2.78,59067.0
2019-08-21,2.81,2.86,2.92,2.79,80459.0
2019-08-22,2.85,2.83,2.87,2.8,50039.0
2019-08-23,2.85,2.84,2.88,2.81,65025.0
2019-08-26,2.8,2.87,2.95,2.78,76638.0
2019-08-27,2.91,2.88,2.94,2.85,82771.0
2019-08-28,2.85,2.85,2.88,2.83,50457.0
2019-08-29,2.86,2.83,2.88,2.82,49473.0
2019-08-30,2.84,2.81,2.88,2.77,70335.0
2019-09-02,2.82,2.91,2.93,2.78,89028.0
2019-09-03,2.91,2.88,2.92,2.85,72791.0
2019-09-04,2.89,2.94,2.95,2.88,88242.0
2019-09-05,2.95,2.98,3.01,2.95,81765.0
2019-09-06,2.98,2.97,3.06,2.96,101923.0
2019-09-09,3.01,2.97,3.02,2.96,70210.0
2019-09-10,2.97,2.97,2.99,2.95,65950.0
2019-09-11,2.98,2.96,3.0,2.96,57038.0
2019-09-12,2.99,2.97,2.99,2.96,42490.0
2019-09-16,2.99,2.97,3.0,2.96,61145.0
2019-09-17,3.0,2.89,3.0,2.87,69392.0
2019-09-18,2.87,2.87,2.91,2.87,34780.0
2019-09-19,2.89,2.88,2.89,2.85,45847.0
2019-09-20,2.88,2.9,2.91,2.87,48191.0
2019-09-23,2.87,2.84,2.88,2.81,65101.0
2019-09-24,2.85,2.85,2.9,2.83,50178.0
2019-09-25,2.86,2.79,2.87,2.79,53922.0
2019-09-26,2.79,2.78,2.83,2.77,59419.0
2019-09-27,2.79,2.77,2.82,2.75,52558.0
2019-09-30,2.78,2.74,2.79,2.74,43517.0
2019-10-08,2.77,2.78,2.8,2.74,46872.0
2019-10-09,2.75,2.81,2.81,2.75,38438.0
2019-10-10,2.79,2.87,2.89,2.79,57879.0
2019-10-11,2.86,2.92,2.93,2.86,67429.0
2019-10-14,2.91,2.94,2.98,2.91,69101.0
2019-10-15,2.92,2.95,2.95,2.9,53748.0
2019-10-16,2.93,2.92,2.96,2.92,44770.0
2019-10-17,2.91,2.92,2.99,2.91,51427.0
2019-10-18,2.94,2.92,2.96,2.89,54414.0
2019-10-21,2.92,2.86,2.92,2.85,38000.0
2019-10-22,2.88,2.96,2.96,2.88,53203.0
2019-10-23,2.98,2.9,2.98,2.89,37105.0
2019-10-24,2.9,2.91,2.91,2.87,28568.0
2019-10-25,2.91,2.93,2.93,2.88,34687.0
2019-10-28,2.92,2.97,2.97,2.91,68329.0
2019-10-29,2.94,2.9,2.96,2.9,44007.0
2019-10-30,2.92,2.9,2.92,2.88,47405.0
2019-10-31,2.88,2.88,2.91,2.85,47071.0
2019-11-01,2.87,2.92,2.93,2.82,63899.0
2019-11-04,2.89,2.87,2.94,2.84,53725.0
2019-11-05,2.86,2.87,2.91,2.85,43673.0
2019-11-06,2.87,2.83,2.9,2.81,48605.0
2019-11-07,2.85,2.84,2.87,2.82,41936.0
2019-11-08,2.86,2.83,2.87,2.82,45483.0
2019-11-11,2.82,2.72,2.82,2.72,62975.0
2019-11-12,2.74,2.74,2.75,2.69,49543.0
2019-11-13,2.74,2.73,2.74,2.71,30452.0
2019-11-14,2.74,2.74,2.77,2.72,36606.0
2019-11-15,2.76,2.71,2.77,2.7,34969.0
2019-11-18,2.71,2.73,2.75,2.7,41454.0
2019-11-19,2.74,2.77,2.78,2.72,37226.0
2019-11-20,2.74,2.73,2.78,2.73,29342.0
2019-11-21,2.72,2.73,2.74,2.69,32225.0
2019-11-22,2.72,2.73,2.78,2.7,48129.0
2019-11-25,2.71,2.74,2.76,2.7,48382.0
2019-11-26,2.74,2.74,2.76,2.72,40715.0
2019-11-27,2.73,2.74,2.76,2.72,34253.0
2019-11-28,2.72,2.73,2.75,2.72,24126.0
2019-11-29,2.74,2.74,2.75,2.7,34545.0
2019-12-02,2.75,2.75,2.77,2.72,45649.0
2019-12-03,2.72,2.75,2.75,2.72,35411.0
2019-12-04,2.73,2.74,2.75,2.72,26687.0
2019-12-05,2.73,2.76,2.78,2.73,38471.0
2019-12-06,2.75,2.78,2.78,2.74,39289.0
2019-12-09,2.79,2.78,2.8,2.75,46022.0
2019-12-10,2.77,2.77,2.79,2.76,35641.0
2019-12-11,2.78,2.76,2.78,2.75,32766.0
2019-12-12,2.76,2.76,2.78,2.75,29365.0
2019-12-13,2.78,2.78,2.79,2.76,47289.0
2019-12-16,2.79,2.8,2.8,2.77,61383.0
2019-12-17,2.8,2.85,2.88,2.79,90507.0
2019-12-18,2.85,2.85,2.89,2.84,62894.0
2019-12-19,2.87,2.87,2.88,2.84,50703.0
2019-12-20,2.86,2.83,2.89,2.81,74902.0
2019-12-23,2.83,2.76,2.84,2.76,71294.0
2019-12-24,2.76,2.78,2.79,2.75,42701.0
2019-12-25,2.79,2.76,2.79,2.75,43315.0
2019-12-26,2.75,2.77,2.78,2.74,35914.0
2019-12-27,2.76,2.77,2.8,2.76,53769.0
2019-12-30,2.76,2.79,2.8,2.72,70522.0
2019-12-31,2.79,2.83,2.83,2.78,56311.0
2020-01-02,2.84,2.88,2.91,2.83,96864.0
2020-01-03,2.89,2.87,2.9,2.86,81849.0
2020-01-06,2.87,2.86,2.89,2.84,73096.0
2020-01-07,2.87,2.89,2.9,2.86,53243.0
2020-01-08,2.87,2.86,2.9,2.83,81426.0
2020-01-09,2.87,2.87,2.89,2.85,59035.0
2020-01-10,2.87,2.85,2.88,2.84,62723.0
2020-01-13,2.86,2.88,2.89,2.82,71301.0
2020-01-14,2.88,2.87,2.9,2.85,49636.0
2020-01-15,2.87,2.83,2.87,2.82,54052.0
2020-01-16,2.83,2.83,2.87,2.82,53785.0
2020-01-17,2.83,2.81,2.86,2.8,55477.0
2020-01-20,2.82,2.81,2.83,2.78,65782.0
2020-01-21,2.81,2.76,2.81,2.76,69649.0
2020-01-22,2.76,2.74,2.77,2.71,67697.0
2020-01-23,2.73,2.69,2.75,2.66,93899.0
2020-02-03,2.39,2.39,2.39,2.39,36746.0
2020-02-04,2.13,2.29,2.38,2.13,137990.0
2020-02-05,2.3,2.32,2.38,2.29,108896.0
2020-02-06,2.33,2.35,2.37,2.31,76394.0
2020-02-07,2.37,2.34,2.37,2.32,75960.0
2020-02-10,2.32,2.37,2.38,2.3,75146.0
2020-02-11,2.38,2.38,2.41,2.37,61667.0
2020-02-12,2.37,2.4,2.41,2.36,59030.0
2020-02-13,2.39,2.38,2.44,2.37,68260.0
2020-02-14,2.38,2.41,2.45,2.37,95517.0
2020-02-17,2.41,2.47,2.5,2.41,143058.0
2020-02-18,2.48,2.47,2.49,2.44,95898.0
2020-02-19,2.47,2.47,2.47,2.45,68524.0
2020-02-20,2.46,2.5,2.51,2.45,104994.0
2020-02-21,2.5,2.5,2.52,2.48,111151.0
2020-02-24,2.49,2.46,2.49,2.44,113181.0
2020-02-25,2.44,2.41,2.44,2.35,143839.0
2020-02-26,2.38,2.44,2.47,2.36,142664.0
2020-02-27,2.44,2.46,2.49,2.44,105099.0
2020-02-28,2.43,2.35,2.43,2.33,144347.0
2020-03-02,2.35,2.44,2.46,2.34,119022.0
2020-03-03,2.46,2.49,2.6,2.45,257814.0
2020-03-04,2.46,2.55,2.55,2.44,185321.0
2020-03-05,2.54,2.55,2.58,2.53,140099.0
2020-03-06,2.51,2.55,2.57,2.5,105622.0
2020-03-09,2.53,2.47,2.55,2.46,105787.0
2020-03-10,2.44,2.56,2.57,2.44,178625.0
2020-03-11,2.57,2.58,2.64,2.55,171067.0
2020-03-12,2.56,2.52,2.58,2.5,89826.0
2020-03-13,2.44,2.49,2.53,2.37,104776.0
2020-03-16,2.51,2.42,2.53,2.4,108017.0
2020-03-17,2.43,2.4,2.47,2.38,94650.0
2020-03-18,2.42,2.35,2.44,2.33,96757.0
2020-03-19,2.34,2.32,2.36,2.27,89338.0
2020-03-20,2.34,2.35,2.35,2.3,51537.0
2020-03-23,2.31,2.3,2.33,2.27,65651.0
2020-03-24,2.3,2.33,2.35,2.3,57528.0
2020-03-25,2.37,2.35,2.39,2.32,98187.0
2020-03-26,2.35,2.31,2.36,2.3,56460.0
2020-03-27,2.33,2.34,2.36,2.31,53813.0
2020-03-30,2.33,2.3,2.33,2.28,62810.0
2020-03-31,2.31,2.3,2.33,2.29,68579.0
2020-04-01,2.3,2.3,2.33,2.28,50277.0
2020-04-02,2.29,2.33,2.33,2.29,53714.0
2020-04-03,2.32,2.32,2.34,2.29,44653.0
2020-04-07,2.33,2.35,2.36,2.32,80963.0
2020-04-08,2.35,2.33,2.35,2.32,43429.0
2020-04-09,2.35,2.35,2.36,2.34,46585.0
2020-04-10,2.36,2.33,2.36,2.31,64207.0
2020-04-13,2.33,2.32,2.33,2.3,29299.0
2020-04-14,2.31,2.33,2.34,2.31,41031.0
2020-04-15,2.33,2.31,2.34,2.3,39684.0
2020-04-16,2.35,2.42,2.44,2.34,216324.0
2020-04-17,2.41,2.36,2.42,2.36,122609.0
2020-04-20,2.38,2.35,2.38,2.34,65301.0
2020-04-21,2.35,2.34,2.36,2.31,67785.0
2020-04-22,2.33,2.34,2.35,2.3,78741.0
2020-04-23,2.33,2.35,2.38,2.32,89384.0
2020-04-24,2.33,2.32,2.34,2.31,64309.0
2020-04-27,2.33,2.34,2.36,2.32,65365.0
2020-04-28,2.36,2.28,2.36,2.25,77231.0
2020-04-29,2.28,2.29,2.31,2.28,32441.0
2020-04-30,2.3,2.33,2.34,2.3,65306.0
2020-05-06,2.32,2.38,2.39,2.31,101837.0
2020-05-07,2.38,2.36,2.4,2.34,68565.0
2020-05-08,2.37,2.37,2.38,2.35,42945.0
2020-05-11,2.38,2.37,2.39,2.35,54679.0
2020-05-12,2.36,2.35,2.38,2.34,40559.0
2020-05-13,2.36,2.33,2.36,2.31,57080.0
2020-05-14,2.33,2.31,2.33,2.3,44785.0
2020-05-15,2.31,2.32,2.35,2.31,41221.0
2020-05-18,2.32,2.33,2.36,2.3,68020.0
2020-05-19,2.34,2.33,2.35,2.32,37059.0
2020-05-20,2.34,2.32,2.34,2.31,38268.0
2020-05-21,2.32,2.31,2.34,2.3,38835.0
2020-05-22,2.31,2.3,2.31,2.29,50808.0
2020-05-25,2.29,2.27,2.31,2.27,39377.0
2020-05-26,2.29,2.3,2.3,2.27,36982.0
2020-05-27,2.3,2.27,2.3,2.27,34700.0
2020-05-28,2.28,2.29,2.3,2.27,30328.0
2020-05-29,2.29,2.29,2.31,2.27,40067.0
2020-06-01,2.29,2.33,2.34,2.29,97511.0
2020-06-02,2.32,2.37,2.39,2.32,124303.0
2020-06-03,2.37,2.33,2.37,2.32,91624.0
2020-06-04,2.33,2.33,2.35,2.32,61825.0
2020-06-05,2.33,2.31,2.33,2.3,68186.0
2020-06-08,2.31,2.32,2.33,2.31,64785.0
2020-06-09,2.32,2.32,2.33,2.31,75034.0
2020-06-10,2.32,2.28,2.32,2.28,102813.0
2020-06-11,2.29,2.26,2.29,2.26,81319.0
2020-06-12,2.25,2.23,2.25,2.22,163520.0
2020-06-15,2.22,2.2,2.23,2.19,129581.0
2020-06-16,2.21,2.22,2.22,2.2,80968.0
2020-06-17,2.22,2.22,2.23,2.21,94210.0
2020-06-18,2.23,2.24,2.26,2.21,84850.0
2020-06-19,2.24,2.28,2.29,2.23,113411.0
2020-06-22,2.29,2.26,2.29,2.25,78787.0
2020-06-23,2.27,2.25,2.27,2.23,94170.0
2020-06-24,2.27,2.25,2.27,2.24,55623.0
2020-06-29,2.25,2.23,2.25,2.22,37008.0
2020-06-30,2.23,2.24,2.25,2.22,36765.0
2020-07-01,2.24,2.25,2.26,2.23,53871.0
2020-07-02,2.25,2.3,2.3,2.24,105419.0
2020-07-03,2.31,2.4,2.41,2.29,240957.0
2020-07-06,2.44,2.58,2.58,2.43,292596.0
2020-07-07,2.6,2.53,2.7,2.52,299973.0
2020-07-08,2.52,2.6,2.61,2.51,183649.0
2020-07-09,2.64,2.74,2.77,2.63,319929.0
2020-07-10,2.72,2.7,2.78,2.65,262258.0
2020-07-13,2.71,2.72,2.76,2.67,189890.0
2020-07-14,2.72,2.68,2.73,2.65,143046.0
2020-07-15,2.68,2.6,2.69,2.56,143949.0
2020-07-16,2.59,2.5,2.65,2.48,181711.0
2020-07-17,2.5,2.47,2.52,2.44,122510.0
2020-07-20,2.48,2.57,2.57,2.48,137692.0
2020-07-21,2.59,2.55,2.6,2.53,71534.0
2020-07-22,2.55,2.55,2.62,2.53,121378.0
2020-07-23,2.54,2.55,2.59,2.49,124491.0
2020-07-24,2.55,2.47,2.56,2.45,99551.0
2020-07-27,2.48,2.46,2.49,2.44,67589.0
2020-07-28,2.48,2.48,2.5,2.47,46983.0
2020-07-29,2.49,2.51,2.51,2.44,69216.0
2020-07-30,2.51,2.52,2.54,2.5,83023.0
2020-07-31,2.52,2.54,2.57,2.51,74974.0
2020-08-03,2.53,2.59,2.61,2.53,123685.0
2020-08-04,2.59,2.65,2.66,2.58,168686.0
2020-08-05,2.65,2.64,2.67,2.61,121697.0
2020-08-06,2.62,2.6,2.65,2.56,119395.0
2020-08-07,2.59,2.53,2.6,2.51,96946.0
2020-08-10,2.54,2.58,2.6,2.53,96415.0
2020-08-11,2.59,2.54,2.6,2.54,74211.0
2020-08-12,2.54,2.58,2.58,2.48,106186.0
2020-08-13,2.58,2.59,2.63,2.57,106369.0
2020-08-14,2.58,2.56,2.58,2.51,128697.0
2020-08-17,2.57,2.63,2.67,2.57,212887.0
2020-08-18,2.63,2.64,2.64,2.59,128486.0
2020-08-19,2.63,2.62,2.66,2.61,138637.0
2020-08-20,2.62,2.6,2.64,2.57,110309.0
2020-08-21,2.6,2.59,2.62,2.55,87879.0
2020-08-24,2.59,2.59,2.61,2.55,114798.0
2020-08-25,2.59,2.58,2.61,2.56,68757.0
2020-08-26,2.57,2.52,2.58,2.5,171258.0
2020-08-27,2.53,2.51,2.53,2.48,130822.0
2020-08-28,2.5,2.53,2.55,2.48,164133.0
2020-08-31,2.5,2.48,2.52,2.47,242077.0
2020-09-01,2.47,2.44,2.48,2.43,144599.0
2020-09-02,2.45,2.42,2.46,2.38,235762.0
2020-09-03,2.42,2.44,2.45,2.41,138370.0
2020-09-04,2.42,2.43,2.43,2.39,70855.0
2020-09-07,2.43,2.43,2.45,2.4,117965.0
2020-09-08,2.43,2.47,2.49,2.4,179153.0
2020-09-09,2.46,2.57,2.59,2.45,395108.0
2020-09-10,2.57,2.45,2.6,2.43,214080.0
2020-09-11,2.44,2.43,2.45,2.4,106052.0
2020-09-14,2.43,2.44,2.45,2.41,96660.0
2020-09-15,2.44,2.43,2.44,2.41,52279.0
2020-09-16,2.42,2.42,2.45,2.41,46893.0
2020-09-17,2.43,2.42,2.43,2.41,62867.0
2020-09-18,2.42,2.45,2.45,2.41,82386.0
2020-09-21,2.45,2.44,2.47,2.42,58114.0
2020-09-22,2.42,2.41,2.45,2.39,97699.0
2020-09-23,2.41,2.42,2.43,2.4,39403.0
2020-09-24,2.41,2.36,2.42,2.35,78188.0
2020-09-25,2.37,2.33,2.38,2.33,52341.0
2020-09-28,2.33,2.31,2.35,2.3,40515.0
2020-09-29,2.31,2.32,2.34,2.28,66363.0
2020-09-30,2.32,2.31,2.34,2.3,45782.0
2020-10-09,2.33,2.33,2.36,2.32,84828.0
2020-10-12,2.33,2.37,2.38,2.32,119481.0
2020-10-13,2.37,2.36,2.38,2.34,67878.0
2020-10-14,2.35,2.33,2.36,2.33,60253.0
2020-10-15,2.33,2.33,2.34,2.32,37048.0
2020-10-16,2.33,2.35,2.35,2.32,43677.0
2020-10-19,2.35,2.35,2.38,2.34,46942.0
2020-10-20,2.34,2.34,2.35,2.32,28559.0
2020-10-21,2.34,2.32,2.34,2.31,32930.0
2020-10-22,2.32,2.34,2.34,2.3,48618.0
2020-10-23,2.33,2.32,2.34,2.31,37786.0
2020-10-26,2.31,2.32,2.32,2.3,33092.0
2020-10-27,2.31,2.31,2.32,2.29,31000.0
2020-10-28,2.31,2.3,2.32,2.29,39377.0
2020-10-29,2.28,2.28,2.29,2.26,70682.0
2020-10-30,2.28,2.27,2.31,2.26,54613.0
2020-11-02,2.26,2.27,2.28,2.25,38032.0
2020-11-03,2.27,2.31,2.32,2.27,58092.0
2020-11-04,2.32,2.31,2.32,2.29,31726.0
2020-11-05,2.32,2.33,2.36,2.31,73237.0
2020-11-06,2.33,2.36,2.38,2.31,106763.0
2020-11-09,2.38,2.42,2.45,2.37,188368.0
2020-11-10,2.44,2.39,2.45,2.38,105335.0
2020-11-11,2.38,2.41,2.43,2.38,81424.0
2020-11-12,2.4,2.46,2.49,2.4,184068.0
2020-11-13,2.45,2.42,2.45,2.4,88345.0
2020-11-16,2.49,2.45,2.52,2.44,155941.0
2020-11-17,2.47,2.57,2.68,2.44,414621.0
2020-11-18,2.55,2.53,2.57,2.51,227000.0
2020-11-19,2.52,2.47,2.55,2.46,148563.0
2020-11-20,2.45,2.49,2.51,2.41,188481.0
2020-11-23,2.47,2.52,2.57,2.46,204485.0
2020-11-24,2.52,2.53,2.57,2.5,126485.0
2020-11-25,2.53,2.48,2.54,2.48,95669.0
2020-11-26,2.48,2.59,2.66,2.47,264273.0
2020-11-27,2.56,2.55,2.59,2.5,168907.0
2020-11-30,2.56,2.5,2.62,2.5,142102.0
2020-12-01,2.51,2.53,2.54,2.51,80448.0
2020-12-02,2.57,2.56,2.59,2.53,118268.0
2020-12-03,2.54,2.53,2.56,2.52,63469.0
2020-12-04,2.54,2.52,2.55,2.51,56783.0
2020-12-07,2.52,2.49,2.53,2.48,80680.0
2020-12-08,2.49,2.51,2.54,2.48,66911.0
2020-12-09,2.53,2.45,2.53,2.41,59446.0
2020-12-10,2.44,2.44,2.48,2.43,61838.0
2020-12-11,2.46,2.36,2.46,2.35,127243.0
2020-12-14,2.37,2.38,2.39,2.35,55265.0
2020-12-15,2.39,2.38,2.4,2.35,43591.0
2020-12-16,2.38,2.36,2.4,2.36,39250.0
2020-12-17,2.36,2.42,2.45,2.35,104337.0
2020-12-18,2.43,2.44,2.48,2.42,83307.0
2020-12-21,2.44,2.45,2.46,2.42,50930.0
2020-12-22,2.44,2.39,2.47,2.38,85529.0
2020-12-23,2.39,2.41,2.42,2.38,61124.0
2020-12-24,2.41,2.42,2.46,2.39,69248.0
2020-12-25,2.4,2.52,2.54,2.39,246514.0
2020-12-28,2.51,2.51,2.57,2.5,134852.0
2020-12-29,2.51,2.59,2.61,2.5,242342.0
2020-12-30,2.58,2.58,2.61,2.55,176116.0
2020-12-31,2.57,2.55,2.6,2.53,154494.0
2021-01-04,2.54,2.55,2.57,2.53,116544.0
2021-01-05,2.55,2.61,2.63,2.53,234472.0
2021-01-06,2.58,2.57,2.6,2.53,142961.0
2021-01-07,2.55,2.51,2.6,2.47,143513.0
2021-01-08,2.52,2.5,2.53,2.45,92685.0
2021-01-11,2.5,2.4,2.5,2.39,138839.0
2021-01-12,2.4,2.42,2.43,2.38,69657.0
2021-01-13,2.41,2.43,2.47,2.39,91460.0
2021-01-14,2.44,2.5,2.53,2.42,162619.0
2021-01-15,2.49,2.51,2.52,2.45,117939.0
2021-01-18,2.49,2.5,2.52,2.47,90460.0
2021-01-19,2.49,2.54,2.55,2.46,131347.0
2021-01-20,2.52,2.49,2.54,2.47,104646.0
2021-01-21,2.47,2.49,2.51,2.46,75239.0
2021-01-22,2.48,2.48,2.51,2.45,104507.0
2021-01-25,2.46,2.4,2.47,2.39,103532.0
2021-01-26,2.41,2.37,2.43,2.37,81774.0
2021-01-27,2.37,2.4,2.4,2.37,61875.0
2021-01-28,2.37,2.34,2.39,2.34,75516.0
2021-01-29,2.35,2.32,2.36,2.3,62486.0
2021-02-01,2.31,2.34,2.34,2.29,51654.0
2021-02-02,2.34,2.35,2.37,2.32,42370.0
2021-02-03,2.34,2.32,2.34,2.31,41438.0
2021-02-04,2.32,2.26,2.32,2.22,108063.0
2021-02-05,2.27,2.24,2.28,2.24,48679.0
2021-02-08,2.26,2.26,2.28,2.25,39143.0
2021-02-09,2.27,2.28,2.29,2.25,33605.0
2021-02-10,2.29,2.32,2.32,2.28,35110.0
2021-02-18,2.34,2.34,2.36,2.33,56636.0
2021-02-19,2.35,2.4,2.4,2.33,77334.0
2021-02-22,2.41,2.43,2.48,2.4,140454.0
2021-02-23,2.42,2.41,2.44,2.4,88107.0
2021-02-24,2.41,2.4,2.43,2.38,59242.0
2021-02-25,2.4,2.4,2.43,2.4,43314.0
2021-02-26,2.4,2.37,2.4,2.36,66717.0
2021-03-01,2.38,2.42,2.42,2.37,47660.0
2021-03-02,2.42,2.4,2.43,2.4,56187.0
2021-03-03,2.41,2.43,2.43,2.4,43539.0
2021-03-04,2.42,2.44,2.47,2.41,82395.0
2021-03-05,2.43,2.44,2.44,2.41,65790.0
2021-03-08,2.44,2.43,2.47,2.42,83191.0
2021-03-09,2.43,2.48,2.52,2.38,207630.0
2021-03-10,2.46,2.43,2.52,2.42,162992.0
2021-03-11,2.42,2.47,2.47,2.36,108663.0
2021-03-12,2.46,2.5,2.51,2.45,113757.0
2021-03-15,2.48,2.52,2.55,2.48,133076.0
2021-03-16,2.51,2.51,2.52,2.49,77806.0
2021-03-17,2.49,2.47,2.51,2.47,77581.0
2021-03-18,2.48,2.51,2.51,2.46,89994.0
2021-03-19,2.49,2.45,2.5,2.45,87382.0
2021-03-22,2.47,2.52,2.52,2.46,118614.0
2021-03-23,2.52,2.48,2.53,2.46,85074.0
2021-03-24,2.48,2.42,2.49,2.42,91116.0
2021-03-25,2.44,2.44,2.45,2.41,70776.0
2021-03-26,2.43,2.44,2.46,2.42,54790.0
2021-03-29,2.44,2.48,2.48,2.43,75176.0
2021-03-30,2.46,2.42,2.47,2.41,108174.0
2021-03-31,2.42,2.52,2.54,2.41,304014.0
2021-04-01,2.51,2.48,2.52,2.46,167598.0
2021-04-02,2.46,2.47,2.5,2.46,83412.0
2021-04-06,2.47,2.45,2.48,2.43,84237.0
2021-04-07,2.46,2.52,2.53,2.46,210153.0
2021-04-08,2.51,2.47,2.52,2.46,153936.0
2021-04-09,2.48,2.46,2.51,2.46,119964.0
2021-04-12,2.46,2.48,2.48,2.45,89195.0
2021-04-13,2.47,2.43,2.48,2.42,106763.0
2021-04-14,2.43,2.44,2.44,2.41,76411.0
2021-04-15,2.43,2.42,2.44,2.41,51287.0
2021-04-16,2.41,2.44,2.46,2.41,65138.0
2021-04-19,2.44,2.46,2.47,2.43,63369.0
2021-04-20,2.46,2.45,2.46,2.44,51342.0
2021-04-21,2.44,2.42,2.44,2.42,42735.0
2021-04-22,2.43,2.43,2.44,2.42,35235.0
2021-04-23,2.44,2.4,2.44,2.39,71239.0
2021-04-26,2.39,2.39,2.41,2.39,49850.0
2021-04-27,2.39,2.38,2.4,2.36,49133.0
2021-04-28,2.38,2.45,2.45,2.36,81757.0
2021-04-29,2.45,2.42,2.45,2.41,80634.0
2021-04-30,2.41,2.39,2.42,2.39,43313.0
2021-05-06,2.4,2.41,2.43,2.39,49059.0
2021-05-07,2.41,2.43,2.44,2.4,86636.0
2021-05-10,2.42,2.44,2.44,2.42,67107.0
2021-05-11,2.43,2.45,2.45,2.42,67257.0
2021-05-12,2.45,2.5,2.5,2.44,125661.0
2021-05-13,2.49,2.46,2.49,2.45,73813.0
2021-05-14,2.46,2.48,2.49,2.46,67225.0
2021-05-17,2.48,2.46,2.48,2.45,54041.0
2021-05-18,2.47,2.47,2.47,2.44,31357.0
2021-05-19,2.46,2.44,2.46,2.43,46972.0
2021-05-20,2.43,2.41,2.44,2.4,64410.0
2021-05-21,2.42,2.43,2.44,2.4,49381.0
2021-05-24,2.44,2.47,2.48,2.42,86834.0
2021-05-25,2.47,2.47,2.48,2.46,57244.0
2021-05-26,2.47,2.49,2.49,2.46,71734.0
2021-05-27,2.48,2.5,2.5,2.46,79445.0
2021-05-28,2.5,2.48,2.51,2.46,79366.0
2021-05-31,2.47,2.47,2.48,2.46,51267.0
2021-06-01,2.47,2.48,2.48,2.45,54738.0
2021-06-02,2.48,2.49,2.49,2.47,73202.0
2021-06-03,2.48,2.51,2.52,2.48,110390.0
2021-06-04,2.51,2.47,2.51,2.45,91727.0
2021-06-07,2.46,2.44,2.47,2.44,77360.0
2021-06-08,2.44,2.44,2.45,2.43,44541.0
2021-06-09,2.44,2.45,2.46,2.43,46490.0
2021-06-10,2.45,2.45,2.46,2.44,55624.0
2021-06-11,2.45,2.44,2.45,2.43,55457.0
2021-06-15,2.44,2.42,2.45,2.41,50038.0
2021-06-16,2.42,2.41,2.44,2.41,41056.0
2021-06-17,2.42,2.43,2.44,2.4,38040.0
2021-06-18,2.43,2.42,2.43,2.41,41152.0
2021-06-21,2.41,2.4,2.41,2.39,60797.0
2021-06-22,2.4,2.42,2.43,2.39,34585.0
2021-06-23,2.42,2.43,2.43,2.41,47465.0
2021-06-24,2.43,2.43,2.43,2.41,31881.0
2021-06-25,2.43,2.43,2.43,2.41,41481.0
2021-06-28,2.44,2.42,2.44,2.41,38228.0
2021-06-29,2.42,2.4,2.42,2.39,41984.0
2021-06-30,2.39,2.41,2.42,2.39,23243.0
2021-07-01,2.41,2.39,2.42,2.38,42223.0
2021-07-02,2.39,2.38,2.4,2.37,38696.0
2021-07-05,2.38,2.4,2.4,2.37,31604.0
2021-07-06,2.38,2.38,2.4,2.37,75328.0
2021-07-07,2.38,2.37,2.39,2.37,43035.0
2021-07-08,2.38,2.36,2.38,2.35,63249.0
2021-07-09,2.35,2.37,2.38,2.35,48248.0
2021-07-12,2.39,2.38,2.39,2.37,33101.0
2021-07-13,2.38,2.38,2.39,2.35,82850.0
2021-07-14,2.41,2.37,2.41,2.37,52545.0
2021-07-15,2.37,2.36,2.38,2.35,37834.0
2021-07-16,2.37,2.36,2.37,2.35,34350.0
2021-07-19,2.35,2.33,2.36,2.31,60514.0
2021-07-20,2.32,2.33,2.33,2.3,41560.0
2021-07-21,2.33,2.36,2.36,2.32,57593.0
2021-07-22,2.35,2.36,2.37,2.34,45612.0
2021-07-23,2.36,2.38,2.38,2.33,66640.0
2021-07-26,2.37,2.33,2.37,2.33,43659.0
2021-07-27,2.34,2.32,2.35,2.31,35033.0
2021-07-28,2.32,2.3,2.32,2.29,58220.0
2021-07-29,2.31,2.3,2.31,2.29,34885.0
2021-07-30,2.3,2.28,2.31,2.27,33682.0
2021-08-02,2.29,2.32,2.32,2.27,44136.0
2021-08-03,2.3,2.32,2.34,2.3,44982.0
2021-08-04,2.32,2.33,2.33,2.3,34208.0
2021-08-05,2.33,2.31,2.33,2.3,29077.0
2021-08-06,2.31,2.3,2.31,2.29,33578.0
2021-08-09,2.3,2.32,2.32,2.29,35553.0
2021-08-10,2.31,2.3,2.32,2.29,37169.0
2021-08-11,2.3,2.32,2.33,2.29,74540.0
2021-08-12,2.31,2.31,2.32,2.3,42733.0
2021-08-13,2.31,2.31,2.32,2.3,38954.0
2021-08-16,2.31,2.33,2.34,2.3,68021.0
2021-08-17,2.34,2.31,2.34,2.3,59316.0
2021-08-18,2.3,2.33,2.33,2.29,43681.0
2021-08-19,2.32,2.31,2.33,2.3,48709.0
2021-08-20,2.3,2.3,2.31,2.29,47078.0
2021-08-23,2.3,2.32,2.32,2.3,46983.0
2021-08-24,2.32,2.32,2.34,2.31,71590.0
2021-08-25,2.32,2.35,2.35,2.32,73048.0
2021-08-26,2.35,2.36,2.37,2.33,95616.0
2021-08-27,2.35,2.36,2.37,2.34,56845.0
2021-08-30,2.37,2.36,2.38,2.36,58559.0
2021-08-31,2.36,2.37,2.38,2.34,67643.0
2021-09-01,2.37,2.42,2.44,2.37,147632.0
2021-09-02,2.42,2.44,2.45,2.4,129395.0
2021-09-03,2.44,2.46,2.47,2.43,128548.0
2021-09-06,2.49,2.46,2.49,2.43,120497.0
2021-09-07,2.45,2.51,2.52,2.44,207643.0
2021-09-08,2.5,2.56,2.57,2.49,208233.0
2021-09-09,2.57,2.66,2.75,2.55,502454.0
2021-09-10,2.65,2.63,2.71,2.61,333400.0
2021-09-13,2.63,2.67,2.69,2.61,226669.0
2021-09-14,2.68,2.58,2.69,2.57,256472.0
2021-09-15,2.58,2.63,2.71,2.57,246566.0
2021-09-16,2.64,2.64,2.73,2.62,231190.0
2021-09-17,2.65,2.61,2.66,2.57,162852.0
2021-09-22,2.57,2.77,2.77,2.55,373612.0
2021-09-23,2.78,2.86,2.93,2.77,430071.0
2021-09-24,2.83,2.74,2.87,2.74,269625.0
2021-09-27,2.75,2.65,2.77,2.6,227835.0
2021-09-28,2.66,2.72,2.76,2.63,175510.0
2021-09-29,2.71,2.61,2.71,2.61,198051.0
2021-09-30,2.63,2.7,2.75,2.62,200291.0
2021-10-08,2.75,2.82,2.9,2.75,399373.0
2021-10-11,2.84,2.76,2.87,2.73,227403.0
2021-10-12,2.77,2.69,2.77,2.65,205477.0
2021-10-13,2.68,2.62,2.69,2.58,147140.0
2021-10-14,2.61,2.6,2.62,2.59,103254.0
2021-10-15,2.6,2.55,2.61,2.54,149960.0
2021-10-18,2.57,2.61,2.61,2.55,104753.0
2021-10-19,2.61,2.6,2.63,2.58,75823.0
2021-10-20,2.59,2.55,2.61,2.54,102606.0
2021-10-21,2.56,2.52,2.58,2.52,85329.0
2021-10-22,2.52,2.49,2.54,2.48,114594.0
2021-10-25,2.5,2.53,2.53,2.46,90432.0
2021-10-26,2.52,2.48,2.52,2.47,92504.0
2021-10-27,2.47,2.43,2.48,2.4,130805.0
2021-10-28,2.42,2.43,2.47,2.41,65677.0
2021-10-29,2.42,2.44,2.47,2.41,71571.0
2021-11-01,2.44,2.43,2.46,2.41,65853.0
2021-11-02,2.43,2.38,2.45,2.36,111466.0
2021-11-03,2.37,2.43,2.43,2.37,71094.0
2021-11-04,2.43,2.4,2.43,2.4,53121.0
2021-11-05,2.4,2.38,2.4,2.38,48537.0
2021-11-08,2.38,2.39,2.41,2.37,42695.0
2021-11-09,2.39,2.4,2.4,2.38,44620.0
2021-11-10,2.39,2.37,2.39,2.33,109185.0
2021-11-11,2.37,2.41,2.42,2.36,80562.0
2021-11-12,2.41,2.41,2.43,2.4,41691.0
2021-11-15,2.41,2.45,2.45,2.41,74362.0
2021-11-16,2.44,2.44,2.47,2.43,67029.0
2021-11-17,2.44,2.42,2.45,2.41,70030.0
2021-11-18,2.43,2.42,2.45,2.42,61505.0
2021-11-19,2.43,2.43,2.44,2.41,37202.0
2021-11-22,2.44,2.44,2.45,2.42,47597.0
2021-11-23,2.44,2.46,2.46,2.43,68876.0
2021-11-24,2.45,2.46,2.46,2.43,44595.0
2021-11-25,2.45,2.44,2.46,2.43,36305.0
2021-11-26,2.44,2.42,2.45,2.41,57700.0
2021-11-29,2.42,2.39,2.42,2.37,50008.0
2021-11-30,2.39,2.41,2.42,2.38,45144.0
2021-12-01,2.41,2.43,2.43,2.39,61074.0
2021-12-02,2.43,2.44,2.45,2.42,68141.0
2021-12-03,2.48,2.53,2.67,2.48,406153.0
2021-12-06,2.51,2.48,2.56,2.47,229852.0
2021-12-07,2.5,2.5,2.54,2.47,127951.0
2021-12-08,2.52,2.49,2.52,2.47,91163.0
2021-12-09,2.5,2.53,2.55,2.5,113371.0
2021-12-10,2.53,2.52,2.54,2.5,77604.0
2021-12-13,2.52,2.53,2.56,2.52,98577.0
2021-12-14,2.52,2.53,2.55,2.5,88033.0
2021-12-15,2.52,2.55,2.57,2.52,111114.0
2021-12-16,2.57,2.57,2.57,2.54,98809.0
2021-12-17,2.56,2.58,2.6,2.55,127922.0
2021-12-20,2.57,2.58,2.59,2.54,108006.0
2021-12-21,2.58,2.65,2.66,2.57,175804.0
2021-12-22,2.64,2.61,2.65,2.59,155261.0
2021-12-23,2.61,2.57,2.61,2.56,108470.0
2021-12-24,2.56,2.53,2.57,2.51,107224.0
2021-12-27,2.53,2.55,2.56,2.52,75768.0
2021-12-28,2.54,2.53,2.56,2.52,82323.0
2021-12-29,2.53,2.54,2.55,2.51,59343.0
2021-12-30,2.54,2.55,2.56,2.53,71165.0
2021-12-31,2.55,2.57,2.57,2.54,72724.0
2022-01-04,2.57,2.62,2.63,2.57,149543.0
2022-01-05,2.62,2.63,2.68,2.6,188720.0
2022-01-06,2.61,2.65,2.65,2.59,107261.0
2022-01-07,2.65,2.64,2.68,2.64,127574.0
2022-01-10,2.66,2.66,2.68,2.62,110148.0
2022-01-11,2.66,2.66,2.68,2.65,72383.0
2022-01-12,2.66,2.64,2.68,2.62,86364.0
2022-01-13,2.64,2.66,2.68,2.63,100377.0
2022-01-14,2.64,2.57,2.65,2.56,143534.0
2022-01-17,2.58,2.58,2.59,2.55,65183.0
2022-01-18,2.58,2.59,2.61,2.57,77176.0
2022-01-19,2.58,2.61,2.64,2.58,74147.0
2022-01-20,2.61,2.59,2.62,2.59,73225.0
2022-01-21,2.6,2.55,2.6,2.54,98649.0
2022-01-24,2.54,2.52,2.57,2.52,88331.0
2022-01-25,2.52,2.44,2.54,2.44,139901.0
2022-01-26,2.45,2.47,2.48,2.44,80278.0
2022-01-27,2.47,2.46,2.48,2.44,61872.0
2022-01-28,2.47,2.48,2.49,2.44,81643.0
2022-02-07,2.49,2.55,2.57,2.49,121629.0
2022-02-08,2.56,2.64,2.65,2.54,251503.0
2022-02-09,2.63,2.64,2.67,2.62,141703.0
2022-02-10,2.63,2.65,2.66,2.63,119621.0
2022-02-11,2.66,2.63,2.66,2.61,113681.0
2022-02-14,2.63,2.58,2.63,2.57,118429.0
2022-02-15,2.59,2.58,2.6,2.56,98443.0
2022-02-16,2.58,2.59,2.61,2.57,83009.0
2022-02-17,2.59,2.56,2.59,2.55,89985.0
2022-02-18,2.55,2.62,2.63,2.54,111798.0
2022-02-21,2.62,2.62,2.63,2.6,70383.0
2022-02-22,2.61,2.58,2.62,2.56,94847.0
2022-02-23,2.59,2.61,2.61,2.57,92709.0
2022-02-24,2.59,2.51,2.6,2.49,191234.0
2022-02-25,2.53,2.62,2.62,2.53,237319.0
2022-02-28,2.66,2.63,2.7,2.61,292990.0
2022-03-01,2.63,2.66,2.68,2.62,174413.0
2022-03-02,2.65,2.73,2.74,2.63,327648.0
2022-03-03,2.77,2.82,2.84,2.74,434469.0
2022-03-04,2.83,2.73,2.83,2.71,316361.0
2022-03-07,2.71,2.65,2.74,2.64,240157.0
2022-03-08,2.67,2.59,2.68,2.57,218827.0
2022-03-09,2.6,2.53,2.62,2.45,238335.0
2022-03-10,2.57,2.55,2.59,2.54,163308.0
2022-03-11,2.52,2.6,2.62,2.48,174494.0
2022-03-14,2.6,2.56,2.63,2.56,119137.0
2022-03-15,2.53,2.39,2.55,2.38,258279.0
2022-03-16,2.43,2.45,2.47,2.35,179000.0
2022-03-17,2.46,2.45,2.49,2.43,130445.0
2022-03-18,2.44,2.5,2.5,2.41,124147.0
2022-03-21,2.5,2.49,2.52,2.45,105601.0
2022-03-22,2.49,2.53,2.54,2.47,84778.0
2022-03-23,2.52,2.51,2.52,2.49,68106.0
2022-03-24,2.49,2.49,2.52,2.47,69547.0
2022-03-25,2.47,2.48,2.51,2.47,52787.0
2022-03-28,2.48,2.51,2.52,2.45,78636.0
2022-03-29,2.51,2.51,2.53,2.5,63179.0
2022-03-30,2.51,2.54,2.54,2.51,79717.0
2022-03-31,2.53,2.56,2.57,2.52,102056.0
2022-04-01,2.56,2.65,2.66,2.54,278655.0
2022-04-06,2.65,2.7,2.7,2.64,306193.0
2022-04-07,2.7,2.64,2.71,2.63,212300.0
2022-04-08,2.65,2.67,2.69,2.6,144208.0
2022-04-11,2.69,2.63,2.69,2.61,166784.0
2022-04-12,2.6,2.73,2.75,2.58,307613.0
2022-04-13,2.7,2.71,2.78,2.68,306451.0
2022-04-14,2.72,2.7,2.74,2.69,185526.0
2022-04-15,2.7,2.65,2.71,2.63,159832.0
2022-04-18,2.64,2.65,2.67,2.61,106336.0
2022-04-19,2.65,2.69,2.69,2.63,132134.0
2022-04-20,2.67,2.63,2.71,2.62,140809.0
2022-04-21,2.62,2.55,2.63,2.54,173028.0
2022-04-22,2.56,2.61,2.63,2.54,139452.0
2022-04-25,2.58,2.42,2.59,2.4,271373.0
2022-04-26,2.43,2.37,2.46,2.35,165818.0
2022-04-27,2.35,2.4,2.41,2.28,212259.0
2022-04-28,2.41,2.37,2.44,2.33,134217.0
2022-04-29,2.41,2.43,2.45,2.39,145846.0
2022-05-05,2.43,2.48,2.5,2.42,110425.0
2022-05-06,2.45,2.43,2.46,2.41,102786.0
2022-05-09,2.41,2.49,2.5,2.41,120830.0
2022-05-10,2.47,2.48,2.49,2.43,134297.0
2022-05-11,2.48,2.47,2.54,2.46,138498.0
2022-05-12,2.47,2.5,2.51,2.44,111100.0
2022-05-13,2.5,2.56,2.57,2.48,174925.0
2022-05-16,2.57,2.59,2.6,2.53,129250.0
2022-05-17,2.6,2.56,2.6,2.53,99314.0
2022-05-18,2.56,2.52,2.57,2.52,98766.0
2022-05-19,2.49,2.52,2.54,2.48,103869.0
2022-05-20,2.52,2.58,2.6,2.51,149782.0
2022-05-23,2.6,2.58,2.61,2.57,115828.0
2022-05-24,2.59,2.51,2.61,2.5,133575.0
2022-05-25,2.51,2.68,2.72,2.5,404066.0
2022-05-26,2.68,2.7,2.71,2.64,262281.0
2022-05-27,2.7,2.67,2.72,2.64,154783.0
2022-05-30,2.69,2.66,2.71,2.64,136680.0
2022-05-31,2.65,2.67,2.7,2.64,139362.0
2022-06-01,2.66,2.72,2.73,2.65,216315.0
2022-06-02,2.7,2.68,2.71,2.65,132757.0
2022-06-06,2.67,2.66,2.69,2.62,147012.0
2022-06-07,2.66,2.8,2.85,2.64,646067.0
2022-06-08,2.82,2.76,2.87,2.72,442837.0
2022-06-09,2.75,2.73,2.77,2.7,250962.0
2022-06-10,2.74,2.79,2.81,2.69,271587.0
2022-06-13,2.76,2.74,2.83,2.72,257535.0
2022-06-14,2.72,2.78,2.78,2.7,189080.0
2022-06-15,2.81,2.78,2.84,2.77,268008.0
2022-06-16,2.79,2.74,2.8,2.72,198199.0
2022-06-17,2.72,2.68,2.73,2.66,204218.0
2022-06-20,2.69,2.68,2.69,2.65,131648.0
2022-06-21,2.68,2.67,2.7,2.65,108520.0
2022-06-22,2.68,2.66,2.71,2.65,114992.0
2022-06-23,2.67,2.68,2.68,2.63,113325.0
2022-06-24,2.68,2.66,2.68,2.64,122519.0
2022-06-27,2.67,2.65,2.68,2.64,118278.0
2022-06-28,2.65,2.67,2.67,2.64,100349.0
2022-06-29,2.67,2.64,2.69,2.62,130736.0
2022-06-30,2.63,2.62,2.64,2.61,126929.0
2022-07-01,2.62,2.61,2.63,2.59,99694.0
2022-07-04,2.61,2.64,2.64,2.6,111856.0
2022-07-05,2.64,2.69,2.74,2.63,232061.0
2022-07-06,2.68,2.68,2.72,2.65,183613.0
2022-07-07,2.7,2.75,2.76,2.68,234841.0
2022-07-08,2.75,2.74,2.75,2.71,125011.0
2022-07-11,2.73,2.76,2.78,2.7,173036.0
2022-07-12,2.78,2.78,2.82,2.75,225202.0
2022-07-13,2.78,2.79,2.81,2.74,258310.0
2022-07-14,2.79,2.75,2.8,2.74,152256.0
2022-07-15,2.75,2.7,2.76,2.69,155478.0
2022-07-18,2.71,2.83,2.84,2.7,391507.0
2022-07-19,2.85,2.8,2.86,2.78,210063.0
2022-07-20,2.8,2.84,2.84,2.79,188181.0
2022-07-21,2.83,2.79,2.86,2.78,162011.0
2022-07-22,2.8,2.84,2.87,2.79,208963.0
2022-07-25,2.85,2.96,3.02,2.82,599526.0
2022-07-26,2.93,2.93,2.94,2.88,266908.0
2022-07-27,2.93,2.9,2.94,2.88,199099.0
2022-07-28,2.91,2.87,2.93,2.86,182716.0
2022-07-29,2.87,2.84,2.88,2.82,173922.0
2022-08-01,2.83,2.79,2.83,2.76,206155.0
2022-08-02,2.77,2.64,2.78,2.62,459285.0
2022-08-03,2.65,2.59,2.69,2.58,263796.0
2022-08-04,2.6,2.61,2.62,2.56,159108.0
2022-08-05,2.61,2.62,2.62,2.57,120869.0
2022-08-08,2.62,2.62,2.64,2.59,119655.0
2022-08-09,2.63,2.6,2.63,2.59,104654.0
2022-08-10,2.6,2.57,2.6,2.56,126229.0
2022-08-11,2.58,2.62,2.62,2.57,146112.0
2022-08-12,2.61,2.63,2.65,2.59,124511.0
2022-08-15,2.61,2.61,2.64,2.59,148189.0
2022-08-16,2.59,2.6,2.63,2.59,110340.0
2022-08-17,2.6,2.63,2.63,2.6,103609.0
2022-08-18,2.63,2.59,2.63,2.56,162682.0
2022-08-19,2.58,2.59,2.6,2.57,102145.0
2022-08-22,2.57,2.6,2.61,2.57,104249.0
2022-08-23,2.6,2.59,2.62,2.58,132136.0
2022-08-24,2.6,2.57,2.63,2.56,208646.0
2022-08-25,2.58,2.63,2.65,2.56,261478.0
2022-08-26,2.64,2.65,2.67,2.61,210961.0
2022-08-29,2.63,2.69,2.7,2.6,214110.0
2022-08-30,2.68,2.73,2.74,2.67,227979.0
2022-08-31,2.72,2.68,2.73,2.66,162478.0
2022-09-01,2.68,2.67,2.71,2.66,110078.0
2022-09-02,2.68,2.68,2.69,2.66,97895.0
2022-09-05,2.68,2.75,2.76,2.67,168082.0
2022-09-06,2.75,2.74,2.76,2.72,119465.0
2022-09-07,2.74,2.75,2.75,2.71,118280.0
2022-09-08,2.74,2.76,2.78,2.71,134215.0
2022-09-09,2.74,2.75,2.81,2.73,124102.0
2022-09-13,2.76,2.73,2.77,2.72,101936.0
2022-09-14,2.72,2.71,2.76,2.68,134682.0
2022-09-15,2.73,2.72,2.77,2.68,155222.0
2022-09-16,2.72,2.62,2.72,2.62,162888.0
2022-09-19,2.62,2.62,2.64,2.59,122404.0
2022-09-20,2.63,2.61,2.67,2.6,96261.0
2022-09-21,2.61,2.74,2.75,2.57,258449.0
2022-09-22,2.73,2.73,2.75,2.69,166976.0
2022-09-23,2.72,2.72,2.76,2.69,155620.0
2022-09-26,2.7,2.56,2.73,2.56,251398.0
2022-09-27,2.54,2.58,2.6,2.52,157256.0
2022-09-28,2.59,2.55,2.6,2.54,121713.0
2022-09-29,2.58,2.5,2.6,2.48,126346.0
2022-09-30,2.51,2.51,2.53,2.5,88357.0
2022-10-10,2.53,2.51,2.57,2.5,121934.0
2022-10-11,2.52,2.52,2.54,2.47,92131.0
2022-10-12,2.52,2.55,2.56,2.48,89256.0
2022-10-13,2.53,2.53,2.56,2.52,81641.0
2022-10-14,2.55,2.55,2.57,2.53,116497.0
2022-10-17,2.55,2.57,2.58,2.52,97437.0
2022-10-18,2.57,2.57,2.59,2.55,85958.0
2022-10-19,2.56,2.6,2.63,2.55,181463.0
2022-10-20,2.59,2.55,2.6,2.54,127959.0
2022-10-21,2.56,2.56,2.59,2.54,83577.0
2022-10-24,2.58,2.5,2.58,2.5,119227.0
2022-10-25,2.51,2.53,2.54,2.49,85915.0
2022-10-26,2.52,2.53,2.55,2.51,100003.0
2022-10-27,2.53,2.53,2.55,2.52,75627.0
2022-10-28,2.54,2.47,2.54,2.47,141275.0
2022-10-31,2.5,2.48,2.52,2.47,139266.0
2022-11-01,2.49,2.54,2.54,2.48,131466.0
2022-11-02,2.53,2.55,2.57,2.52,104778.0
2022-11-03,2.53,2.54,2.55,2.52,83629.0
2022-11-04,2.54,2.56,2.58,2.54,97935.0
2022-11-07,2.56,2.58,2.59,2.55,106791.0
2022-11-08,2.57,2.59,2.6,2.56,102314.0
2022-11-09,2.57,2.58,2.6,2.57,62391.0
2022-11-10,2.57,2.59,2.6,2.55,101349.0
2022-11-11,2.61,2.61,2.63,2.59,138694.0
2022-11-14,2.61,2.61,2.64,2.59,118642.0
2022-11-15,2.6,2.62,2.62,2.59,116232.0
2022-11-16,2.62,2.61,2.63,2.6,92234.0
2022-11-17,2.6,2.61,2.63,2.6,92200.0
2022-11-18,2.62,2.61,2.63,2.6,93020.0
2022-11-21,2.6,2.57,2.61,2.55,123279.0
2022-11-22,2.57,2.6,2.63,2.56,174090.0
2022-11-23,2.6,2.64,2.65,2.59,180259.0
2022-11-24,2.64,2.63,2.65,2.61,106496.0
2022-11-25,2.62,2.67,2.67,2.62,126762.0
2022-11-28,2.65,2.66,2.67,2.61,134893.0
2022-11-29,2.67,2.69,2.71,2.66,168191.0
2022-11-30,2.69,2.69,2.71,2.67,118222.0
2022-12-01,2.69,2.68,2.71,2.67,152038.0
2022-12-02,2.68,2.65,2.69,2.65,109210.0
2022-12-05,2.67,2.75,2.78,2.66,300165.0
2022-12-06,2.74,2.72,2.75,2.71,170252.0
2022-12-07,2.73,2.73,2.76,2.71,187633.0
2022-12-08,2.73,2.75,2.78,2.72,150639.0
2022-12-09,2.77,2.73,2.78,2.72,151515.0
2022-12-12,2.73,2.67,2.73,2.66,127518.0
2022-12-13,2.68,2.71,2.74,2.67,147391.0
2022-12-14,2.73,2.68,2.74,2.68,96422.0
2022-12-15,2.69,2.65,2.7,2.64,97718.0
2022-12-16,2.64,2.69,2.69,2.63,104526.0
2022-12-19,2.69,2.62,2.7,2.6,128020.0
2022-12-20,2.63,2.61,2.65,2.58,117521.0
2022-12-21,2.62,2.62,2.65,2.61,80422.0
2022-12-22,2.62,2.56,2.65,2.56,109235.0
2022-12-23,2.55,2.56,2.59,2.55,85449.0
2022-12-26,2.55,2.55,2.58,2.54,91512.0
2022-12-27,2.55,2.61,2.63,2.55,144698.0
2022-12-28,2.6,2.59,2.61,2.58,71533.0
2022-12-29,2.58,2.56,2.59,2.55,81121.0
2022-12-30,2.57,2.6,2.61,2.56,90301.0
2023-01-03,2.58,2.6,2.61,2.57,129012.0
2023-01-04,2.6,2.62,2.64,2.58,122018.0
2023-01-05,2.61,2.61,2.63,2.59,113145.0
2023-01-06,2.6,2.58,2.62,2.57,97393.0
2023-01-09,2.59,2.58,2.62,2.56,116024.0
2023-01-10,2.59,2.55,2.59,2.54,146495.0
2023-01-11,2.55,2.54,2.57,2.53,98681.0
2023-01-12,2.54,2.52,2.55,2.51,123400.0
2023-01-13,2.52,2.55,2.55,2.51,97805.0
2023-01-16,2.55,2.56,2.58,2.53,132835.0
2023-01-17,2.57,2.57,2.57,2.54,117953.0
2023-01-18,2.57,2.58,2.58,2.56,92953.0
2023-01-19,2.59,2.59,2.6,2.57,108768.0
2023-01-20,2.61,2.64,2.65,2.59,201706.0
2023-01-30,2.66,2.65,2.67,2.63,177330.0
2023-01-31,2.65,2.65,2.66,2.63,102319.0
2023-02-01,2.65,2.69,2.69,2.65,143120.0
2023-02-02,2.69,2.68,2.7,2.67,122320.0
2023-02-03,2.68,2.67,2.69,2.64,120847.0
2023-02-06,2.66,2.69,2.71,2.65,150123.0
2023-02-07,2.69,2.68,2.7,2.66,78638.0
2023-02-08,2.69,2.67,2.69,2.67,88559.0
2023-02-09,2.67,2.71,2.71,2.66,105299.0
2023-02-10,2.71,2.71,2.72,2.69,95021.0
2023-02-13,2.71,2.7,2.72,2.69,93900.0
2023-02-14,2.71,2.71,2.72,2.69,102884.0
2023-02-15,2.71,2.7,2.71,2.69,104598.0
2023-02-16,2.7,2.67,2.74,2.66,173166.0
2023-02-17,2.67,2.66,2.69,2.66,97554.0
2023-02-20,2.67,2.7,2.7,2.66,117850.0
2023-02-21,2.7,2.72,2.73,2.69,139667.0
2023-02-22,2.72,2.71,2.72,2.7,67428.0
2023-02-23,2.72,2.72,2.73,2.71,108393.0
2023-02-24,2.73,2.74,2.76,2.7,146445.0
2023-02-27,2.75,2.72,2.75,2.71,99400.0
2023-02-28,2.72,2.73,2.74,2.69,126979.0
2023-03-01,2.74,2.75,2.76,2.72,110525.0
2023-03-02,2.74,2.78,2.79,2.74,189087.0
2023-03-03,2.78,2.81,2.83,2.76,152237.0
2023-03-06,2.81,2.83,2.84,2.8,157837.0
2023-03-07,2.83,2.79,2.88,2.78,236892.0
2023-03-08,2.79,2.81,2.84,2.78,125652.0
2023-03-09,2.81,2.82,2.84,2.79,114932.0
2023-03-10,2.81,2.78,2.83,2.78,148390.0
2023-03-13,2.77,2.83,2.84,2.76,205178.0
2023-03-14,2.83,2.81,2.84,2.78,198551.0
2023-03-15,2.83,2.88,2.89,2.81,203298.0
2023-03-16,2.86,2.84,2.9,2.83,181434.0
2023-03-17,2.85,2.85,2.88,2.84,125670.0
2023-03-20,2.85,2.83,2.91,2.83,263900.0
2023-03-21,2.85,2.82,2.85,2.79,182146.0
2023-03-22,2.83,2.84,2.85,2.8,162617.0
2023-03-23,2.84,2.81,2.84,2.77,153726.0
2023-03-24,2.82,2.79,2.85,2.78,142013.0
2023-03-27,2.8,2.73,2.8,2.72,158199.0
2023-03-28,2.74,2.73,2.77,2.73,134872.0
2023-03-29,2.74,2.71,2.76,2.7,149356.0
2023-03-30,2.71,2.66,2.72,2.63,306277.0
2023-03-31,2.67,2.68,2.69,2.65,204707.0
2023-04-03,2.67,2.7,2.71,2.66,221587.0
2023-04-04,2.7,2.73,2.78,2.69,245897.0
2023-04-06,2.74,2.71,2.75,2.7,130657.0
2023-04-07,2.72,2.7,2.72,2.67,181539.0
2023-04-10,2.69,2.67,2.69,2.65,165454.0
2023-04-11,2.67,2.67,2.67,2.62,183645.0
2023-04-12,2.67,2.76,2.76,2.67,260552.0
2023-04-13,2.75,2.78,2.82,2.73,200440.0
2023-04-14,2.79,2.8,2.81,2.76,133523.0
2023-04-17,2.79,2.84,2.86,2.77,206227.0
2023-04-18,2.86,2.87,2.88,2.83,183069.0
2023-04-19,2.86,2.87,2.9,2.85,205456.0
2023-04-20,2.87,2.9,2.93,2.85,238107.0
2023-04-21,2.91,2.86,2.93,2.85,224812.0
2023-04-24,2.86,2.86,2.9,2.83,229405.0
2023-04-25,2.86,2.93,2.98,2.85,481735.0
2023-04-26,2.92,2.9,2.92,2.84,261990.0
2023-04-27,2.91,2.9,2.94,2.88,236795.0
2023-04-28,2.92,3.21,3.21,2.92,800637.0
2023-05-04,3.39,3.55,3.55,3.31,1051668.0
2023-05-05,3.92,3.92,3.92,3.92,210915.0
2023-05-08,4.33,4.33,4.33,4.32,421647.0
2023-05-09,4.78,4.56,4.78,4.45,3323259.0
2023-05-10,4.66,4.09,4.69,4.09,2878633.0
2023-05-11,3.83,3.75,3.98,3.67,2819340.0
2023-05-12,3.69,3.6,3.82,3.6,1826010.0
2023-05-15,3.6,3.57,3.64,3.42,1567752.0
2023-05-16,3.55,3.47,3.57,3.43,930884.0
2023-05-17,3.45,3.5,3.52,3.41,743428.0
2023-05-18,3.47,3.55,3.63,3.45,1276708.0
2023-05-19,3.51,3.45,3.53,3.37,927027.0
2023-05-22,3.44,3.46,3.51,3.41,542859.0
2023-05-23,3.48,3.37,3.48,3.36,564223.0
2023-05-24,3.35,3.36,3.4,3.31,465913.0
2023-05-25,3.35,3.33,3.38,3.27,456752.0
2023-05-26,3.33,3.36,3.37,3.27,492188.0
2023-05-29,3.34,3.34,3.4,3.32,521630.0
2023-05-30,3.33,3.39,3.39,3.29,479929.0
2023-05-31,3.39,3.4,3.42,3.35,432031.0
2023-06-01,3.37,3.4,3.44,3.33,439784.0
2023-06-02,3.42,3.37,3.48,3.37,532947.0
2023-06-05,3.36,3.39,3.42,3.34,333545.0
2023-06-06,3.37,3.34,3.45,3.32,575390.0
2023-06-07,3.35,3.45,3.52,3.34,917057.0
2023-06-08,3.45,3.47,3.52,3.39,628233.0
2023-06-09,3.48,3.41,3.49,3.4,453648.0
2023-06-12,3.4,3.34,3.42,3.33,437088.0
2023-06-13,3.34,3.3,3.35,3.28,364961.0
2023-06-14,3.31,3.29,3.33,3.27,254824.0
2023-06-15,3.29,3.28,3.29,3.23,381369.0
2023-06-16,3.29,3.33,3.36,3.27,374570.0
2023-06-19,3.34,3.24,3.35,3.23,408402.0
2023-06-20,3.25,3.18,3.25,3.17,329712.0
2023-06-21,3.19,3.14,3.21,3.13,243678.0
2023-06-26,3.14,3.07,3.14,3.05,248706.0
2023-06-27,3.11,3.2,3.21,3.1,325995.0
2023-06-28,3.22,3.25,3.28,3.17,400374.0
2023-06-29,3.29,3.25,3.29,3.21,291229.0
2023-06-30,3.24,3.23,3.26,3.22,210687.0
2023-07-03,3.23,3.25,3.26,3.2,262498.0
2023-07-04,3.24,3.21,3.25,3.18,217772.0
2023-07-05,3.2,3.21,3.23,3.19,144878.0
2023-07-06,3.2,3.18,3.22,3.16,156087.0
2023-07-07,3.17,3.21,3.23,3.15,202829.0
2023-07-10,3.23,3.24,3.25,3.19,247481.0
2023-07-11,3.25,3.2,3.26,3.19,187300.0
2023-07-12,3.21,3.1,3.22,3.1,307864.0
2023-07-13,3.12,3.18,3.18,3.11,196544.0
2023-07-14,3.19,3.2,3.23,3.15,152395.0
2023-07-17,3.17,3.16,3.18,3.14,143254.0
2023-07-18,3.17,3.17,3.18,3.14,103164.0
2023-07-19,3.18,3.22,3.22,3.17,171493.0
2023-07-20,3.22,3.15,3.22,3.14,174511.0
2023-07-21,3.15,3.16,3.18,3.14,136651.0
2023-07-24,3.16,3.2,3.21,3.14,148451.0
2023-07-25,3.21,3.24,3.25,3.2,228050.0
2023-07-26,3.23,3.22,3.24,3.19,181640.0
2023-07-27,3.24,3.24,3.3,3.22,330870.0
2023-07-28,3.23,3.31,3.33,3.2,406520.0
2023-07-31,3.33,3.33,3.36,3.31,366085.0
2023-08-01,3.34,3.39,3.44,3.33,518065.0
2023-08-02,3.47,3.39,3.57,3.37,819464.0
2023-08-03,3.4,3.33,3.42,3.31,392368.0
2023-08-04,3.34,3.32,3.36,3.32,282434.0
2023-08-07,3.32,3.27,3.32,3.26,241627.0
2023-08-08,3.27,3.24,3.28,3.22,225786.0
2023-08-09,3.25,3.19,3.25,3.19,198297.0
2023-08-10,3.2,3.28,3.3,3.19,281252.0
2023-08-11,3.28,3.15,3.29,3.15,340561.0
2023-08-14,3.16,3.19,3.2,3.1,213108.0
2023-08-15,3.18,3.22,3.23,3.16,199035.0
2023-08-16,3.19,3.17,3.21,3.16,157340.0
2023-08-17,3.16,3.2,3.21,3.14,162683.0
2023-08-18,3.19,3.27,3.31,3.19,461953.0
2023-08-21,3.29,3.22,3.33,3.21,306728.0
2023-08-22,3.22,3.2,3.23,3.15,242344.0
2023-08-23,3.2,3.15,3.22,3.15,167495.0
2023-08-24,3.16,3.1,3.18,3.1,211042.0
2023-08-25,3.1,3.1,3.18,3.07,218174.0
2023-08-28,3.25,3.2,3.26,3.16,429637.0
2023-08-29,3.18,3.2,3.21,3.14,327826.0
2023-08-30,3.22,3.1,3.22,3.09,344117.0
2023-08-31,3.1,3.05,3.11,3.02,300604.0
2023-09-01,3.06,3.1,3.14,3.04,214493.0
2023-09-04,3.09,3.17,3.18,3.08,283399.0
2023-09-05,3.15,3.12,3.17,3.11,165544.0
2023-09-06,3.11,3.1,3.13,3.09,135823.0
2023-09-07,3.12,3.06,3.12,3.05,153411.0
2023-09-08,3.06,3.04,3.07,3.03,119532.0
2023-09-11,3.04,3.07,3.09,3.04,162362.0
2023-09-12,3.08,3.07,3.1,3.06,94985.0
2023-09-13,3.07,3.07,3.1,3.04,149307.0
2023-09-14,3.07,3.09,3.1,3.05,154201.0
2023-09-15,3.1,3.11,3.16,3.08,260002.0
2023-09-18,3.12,3.12,3.14,3.08,181121.0
2023-09-19,3.1,3.17,3.19,3.1,287890.0
2023-09-20,3.17,3.14,3.17,3.13,156865.0
2023-09-21,3.14,3.14,3.16,3.13,134760.0
2023-09-22,3.14,3.14,3.17,3.1,195669.0
2023-09-25,3.13,3.13,3.18,3.11,172171.0
2023-09-26,3.14,3.14,3.16,3.11,148325.0
2023-09-27,3.15,3.13,3.16,3.12,148171.0
2023-09-28,3.14,3.16,3.17,3.13,121814.0
2023-10-09,3.15,3.11,3.15,3.07,197308.0
2023-10-10,3.11,3.0,3.13,3.0,300645.0
2023-10-11,3.01,2.99,3.03,2.98,198752.0
2023-10-12,2.99,3.02,3.05,2.99,156109.0
2023-10-13,3.01,2.96,3.01,2.95,177065.0
2023-10-16,2.97,2.98,2.99,2.96,121054.0
2023-10-17,2.99,2.99,3.0,2.96,139220.0
2023-10-18,2.98,2.93,2.98,2.93,154089.0
2023-10-19,2.92,2.88,2.93,2.87,144812.0
2023-10-20,2.89,2.88,2.92,2.87,167876.0
2023-10-23,2.87,2.81,2.89,2.8,144944.0
2023-10-24,2.82,2.85,2.86,2.81,147037.0
2023-10-25,2.87,2.9,2.91,2.87,153297.0
2023-10-26,2.89,2.96,2.96,2.87,162587.0
2023-10-27,2.96,2.98,2.99,2.92,121783.0
2023-10-30,2.98,2.91,2.99,2.9,299657.0
2023-10-31,2.91,2.89,2.91,2.87,165144.0
2023-11-01,2.9,2.89,2.91,2.87,126066.0
2023-11-02,2.88,2.89,2.92,2.87,145427.0
2023-11-03,2.89,2.88,2.9,2.87,168674.0
2023-11-06,2.88,2.91,2.92,2.86,230704.0
2023-11-07,2.9,2.91,2.93,2.89,167185.0
2023-11-08,2.9,2.88,2.93,2.87,162508.0
2023-11-09,2.88,2.87,2.9,2.86,127824.0
2023-11-10,2.87,2.87,2.89,2.83,158604.0
2023-11-13,2.87,2.91,2.91,2.86,166239.0
2023-11-14,2.9,2.89,2.92,2.87,136084.0
2023-11-15,2.9,2.89,2.92,2.88,110927.0
2023-11-16,2.89,2.87,2.89,2.87,96182.0
2023-11-17,2.87,2.85,2.87,2.84,122827.0
2023-11-20,2.86,2.86,2.87,2.84,114192.0
2023-11-21,2.87,2.88,2.89,2.86,126250.0
2023-11-22,2.87,2.85,2.89,2.85,123428.0
2023-11-23,2.85,2.87,2.88,2.84,124495.0
2023-11-24,2.86,2.87,2.88,2.85,88692.0
2023-11-27,2.86,2.84,2.87,2.82,143792.0
2023-11-28,2.85,2.85,2.86,2.83,112018.0
2023-11-29,2.84,2.82,2.85,2.81,147769.0
2023-11-30,2.82,2.83,2.84,2.81,116282.0
2023-12-01,2.83,2.87,2.87,2.82,148095.0
2023-12-04,2.86,2.91,2.92,2.86,165471.0
2023-12-05,2.9,2.86,2.91,2.85,126488.0
2023-12-06,2.86,2.83,2.86,2.8,202531.0
2023-12-07,2.83,2.84,2.85,2.81,148226.0
2023-12-08,2.83,2.86,2.89,2.83,255810.0
2023-12-11,2.86,2.87,2.88,2.79,219533.0
2023-12-12,2.86,2.89,2.9,2.84,161013.0
2023-12-13,2.89,2.88,2.93,2.87,168596.0
2023-12-14,2.89,2.9,2.92,2.88,126708.0
2023-12-15,2.9,2.87,2.92,2.86,116478.0
2023-12-18,2.86,2.88,2.9,2.86,119390.0
2023-12-19,2.88,2.85,2.89,2.83,118191.0
2023-12-20,2.84,2.8,2.87,2.78,148574.0
2023-12-21,2.8,2.8,2.81,2.74,162888.0
2023-12-22,2.8,2.8,2.83,2.77,146980.0
2023-12-25,2.8,2.78,2.8,2.75,88880.0
2023-12-26,2.78,2.75,2.79,2.74,79608.0
2023-12-27,2.76,2.74,2.76,2.72,96902.0
2023-12-28,2.74,2.76,2.77,2.72,119176.0
2023-12-29,2.76,2.77,2.79,2.75,106282.0
2024-01-02,2.78,2.81,2.84,2.78,187585.0
2024-01-03,2.82,2.86,2.87,2.81,145851.0
2024-01-04,2.86,2.85,2.87,2.83,151088.0
2024-01-05,2.86,2.85,2.89,2.83,165179.0
2024-01-08,2.85,2.78,2.85,2.78,130477.0
2024-01-09,2.78,2.81,2.84,2.76,118640.0
2024-01-10,2.81,2.86,2.87,2.79,182302.0
2024-01-11,2.85,2.86,2.88,2.83,130758.0
2024-01-12,2.87,2.88,2.92,2.86,156213.0
2024-01-15,2.88,2.9,2.92,2.88,125653.0
2024-01-16,2.9,2.88,2.91,2.86,134547.0
2024-01-17,2.88,2.86,2.91,2.85,181621.0
2024-01-18,2.84,2.8,2.86,2.73,234074.0
2024-01-19,2.81,2.77,2.82,2.75,123838.0
2024-01-22,2.75,2.61,2.76,2.59,250213.0
2024-01-23,2.62,2.67,2.69,2.57,174881.0
2024-01-24,2.67,2.76,2.77,2.66,197358.0
2024-01-25,2.77,2.9,2.9,2.75,302078.0
2024-01-26,2.9,2.96,2.97,2.89,289640.0
2024-01-29,2.95,2.95,2.99,2.94,309954.0
2024-01-30,2.95,2.87,2.97,2.87,197693.0
2024-01-31,2.87,2.86,2.94,2.83,250586.0
2024-02-01,2.84,2.81,2.89,2.78,184233.0
2024-02-02,2.8,2.74,2.85,2.67,229559.0
2024-02-05,2.75,2.63,2.76,2.55,342293.0
2024-02-06,2.64,2.77,2.81,2.57,296053.0
2024-02-07,2.78,2.89,2.89,2.73,367317.0
2024-02-08,2.9,2.92,2.99,2.88,409744.0
2024-02-19,2.92,2.94,2.99,2.91,341507.0
2024-02-20,2.94,2.98,3.01,2.9,302143.0
2024-02-21,2.96,3.01,3.08,2.96,308701.0
2024-02-22,3.01,3.01,3.04,2.98,209341.0
2024-02-23,3.01,3.01,3.02,2.97,189357.0
2024-02-26,3.0,2.95,3.01,2.93,250821.0
2024-02-27,2.94,2.97,2.98,2.93,197809.0
2024-02-28,2.98,3.14,3.28,2.97,1054685.0
2024-02-29,3.11,3.13,3.17,3.05,763016.0
2024-03-01,3.14,3.11,3.14,3.06,425017.0
2024-03-04,3.09,3.15,3.19,3.09,439119.0
2024-03-05,3.16,3.08,3.16,3.06,337107.0
2024-03-06,3.06,3.03,3.07,3.0,358436.0
2024-03-07,3.03,3.06,3.11,3.01,275404.0
2024-03-08,3.05,3.1,3.11,3.03,210079.0
2024-03-11,3.1,3.09,3.11,3.06,175231.0
2024-03-12,3.09,3.05,3.09,3.03,218331.0
2024-03-13,3.05,3.03,3.05,3.0,189958.0
2024-03-14,3.01,3.08,3.09,3.01,272835.0
2024-03-15,3.07,3.08,3.08,3.04,160845.0
2024-03-18,3.08,3.11,3.13,3.08,208406.0
2024-03-19,3.11,3.08,3.14,3.06,263705.0
2024-03-20,3.06,3.09,3.1,3.04,170289.0
2024-03-21,3.09,3.12,3.14,3.06,259082.0
2024-03-22,3.13,3.16,3.25,3.12,363487.0
2024-03-25,3.16,3.13,3.19,3.12,257830.0
2024-03-26,3.13,3.19,3.2,3.11,260014.0
2024-03-27,3.2,3.14,3.2,3.14,227642.0
2024-03-28,3.13,3.13,3.15,3.08,289741.0
2024-03-29,3.13,3.14,3.15,3.09,310821.0
2024-04-01,3.14,3.21,3.22,3.12,302394.0
2024-04-02,3.21,3.19,3.23,3.18,240582.0
2024-04-03,3.19,3.23,3.23,3.18,261100.0
2024-04-08,3.21,3.2,3.26,3.18,295360.0
2024-04-09,3.2,3.17,3.21,3.14,176512.0
2024-04-10,3.16,3.16,3.19,3.13,180626.0
2024-04-11,3.17,3.23,3.24,3.14,243506.0
2024-04-12,3.22,3.21,3.25,3.2,199519.0
2024-04-15,3.2,3.28,3.3,3.16,392039.0
2024-04-16,3.28,3.2,3.32,3.19,377866.0
2024-04-17,3.19,3.32,3.32,3.18,378610.0
2024-04-18,3.31,3.35,3.41,3.3,519580.0
2024-04-19,3.35,3.38,3.41,3.33,310532.0
2024-04-22,3.39,3.29,3.4,3.27,301079.0
2024-04-23,3.29,3.23,3.29,3.21,251323.0
2024-04-24,3.22,3.26,3.27,3.2,195464.0
2024-04-25,3.26,3.25,3.3,3.22,198162.0
2024-04-26,3.25,3.23,3.27,3.15,329089.0
2024-04-29,3.22,3.2,3.22,3.17,231640.0
2024-04-30,3.21,3.21,3.25,3.2,217688.0
2024-05-06,3.24,3.3,3.31,3.22,262532.0
2024-05-07,3.3,3.26,3.31,3.24,202452.0
2024-05-08,3.27,3.22,3.27,3.22,151767.0
2024-05-09,3.22,3.28,3.29,3.21,206730.0
2024-05-10,3.29,3.29,3.32,3.25,161633.0
2024-05-13,3.28,3.31,3.33,3.24,262443.0
2024-05-14,3.3,3.27,3.32,3.27,168427.0
2024-05-15,3.27,3.22,3.28,3.22,176883.0
2024-05-16,3.23,3.18,3.27,3.17,229051.0
2024-05-17,3.18,3.17,3.2,3.14,214922.0
2024-05-20,3.17,3.23,3.24,3.17,268483.0
2024-05-21,3.24,3.2,3.25,3.17,191185.0
2024-05-22,3.2,3.13,3.21,3.12,284427.0
2024-05-23,3.14,3.08,3.14,3.06,273056.0
2024-05-24,3.07,3.09,3.13,3.06,165102.0
2024-05-27,3.1,3.16,3.17,3.1,150999.0
2024-05-28,3.16,3.14,3.19,3.13,181584.0
2024-05-29,3.14,3.14,3.17,3.11,115807.0
2024-05-30,3.13,3.11,3.16,3.09,128191.0
2024-05-31,3.11,3.09,3.13,3.08,109754.0
2024-06-03,3.09,3.04,3.1,3.01,211668.0
2024-06-04,3.05,3.08,3.09,3.03,155452.0
2024-06-05,3.08,3.05,3.09,3.04,145641.0
2024-06-06,3.04,3.03,3.07,3.02,166487.0
2024-06-07,3.04,3.15,3.16,3.03,285252.0
2024-06-11,3.15,3.04,3.15,3.01,294901.0
2024-06-12,3.02,3.03,3.05,2.97,190652.0
2024-06-13,3.04,3.0,3.05,2.99,128818.0
2024-06-14,3.0,3.08,3.09,2.99,240177.0
2024-06-17,3.09,3.05,3.11,3.04,154543.0
2024-06-18,3.06,3.13,3.15,3.04,192118.0
2024-06-19,3.13,3.09,3.15,3.09,121432.0
2024-06-20,3.09,3.05,3.11,3.03,136666.0
2024-06-21,3.06,3.06,3.09,3.04,125598.0
2024-06-24,3.06,2.98,3.06,2.97,208746.0
2024-06-25,2.98,3.02,3.07,2.98,172695.0
2024-06-26,3.02,3.03,3.04,2.97,170754.0
2024-06-27,3.03,3.01,3.04,2.98,141993.0
2024-06-28,3.01,3.09,3.11,3.0,220579.0
2024-07-01,3.09,3.15,3.15,3.09,163799.0
2024-07-02,3.15,3.21,3.22,3.15,311722.0
2024-07-03,3.2,3.21,3.23,3.19,182072.0
2024-07-04,3.21,3.18,3.23,3.17,161742.0
2024-07-05,3.18,3.19,3.2,3.15,157910.0
2024-07-08,3.17,3.16,3.21,3.15,119021.0
2024-07-09,3.16,3.28,3.29,3.16,280862.0
2024-07-10,3.29,3.23,3.31,3.21,172064.0
2024-07-11,3.25,3.23,3.28,3.2,181923.0
2024-07-12,3.22,3.23,3.25,3.2,104277.0
2024-07-15,3.21,3.23,3.25,3.19,142067.0
2024-07-16,3.24,3.21,3.25,3.19,137615.0
2024-07-17,3.24,3.21,3.24,3.19,152901.0
2024-07-18,3.22,3.27,3.27,3.18,156772.0
2024-07-19,3.27,3.25,3.27,3.23,106367.0
2024-07-22,3.25,3.22,3.26,3.21,118339.0
2024-07-23,3.22,3.24,3.29,3.22,139902.0
2024-07-24,3.21,3.26,3.29,3.19,162597.0
2024-07-25,3.26,3.32,3.34,3.25,220711.0
2024-07-26,3.32,3.34,3.34,3.3,197148.0
2024-07-29,3.33,3.38,3.41,3.31,210625.0
2024-07-30,3.37,3.42,3.42,3.35,163588.0
2024-07-31,3.42,3.41,3.48,3.37,331001.0
2024-08-01,3.39,3.48,3.49,3.38,284997.0
2024-08-02,3.48,3.45,3.51,3.44,158418.0
2024-08-05,3.45,3.4,3.48,3.39,224699.0
2024-08-06,3.42,3.46,3.48,3.39,206020.0
2024-08-07,3.46,3.43,3.47,3.42,177753.0
2024-08-08,3.41,3.45,3.48,3.38,213307.0
2024-08-09,3.46,3.45,3.48,3.44,115540.0
2024-08-12,3.45,3.44,3.47,3.42,103758.0
2024-08-13,3.42,3.44,3.47,3.41,133876.0
2024-08-14,3.44,3.42,3.46,3.42,96055.0
2024-08-15,3.44,3.49,3.5,3.42,170249.0
2024-08-16,3.5,3.46,3.51,3.44,149873.0
2024-08-19,3.47,3.54,3.55,3.47,191657.0
2024-08-20,3.54,3.51,3.56,3.48,198176.0
2024-08-21,3.5,3.45,3.51,3.42,170087.0
2024-08-22,3.43,3.45,3.49,3.43,116747.0
2024-08-23,3.44,3.43,3.46,3.4,143853.0
2024-08-26,3.43,3.41,3.44,3.37,148000.0
2024-08-27,3.38,3.41,3.43,3.37,104433.0
2024-08-28,3.39,3.37,3.4,3.33,143552.0
2024-08-29,3.37,3.32,3.38,3.29,162057.0
2024-08-30,3.35,3.36,3.39,3.28,271552.0
2024-09-02,3.32,3.36,3.4,3.32,222533.0
2024-09-03,3.38,3.29,3.42,3.29,175795.0
2024-09-04,3.29,3.29,3.32,3.26,165859.0
2024-09-05,3.32,3.34,3.36,3.28,127664.0
2024-09-06,3.36,3.33,3.39,3.31,132958.0
2024-09-09,3.32,3.25,3.33,3.23,160207.0
2024-09-10,3.26,3.23,3.27,3.18,140279.0
2024-09-11,3.23,3.15,3.23,3.13,156640.0
2024-09-12,3.16,3.14,3.19,3.13,116319.0
2024-09-13,3.15,3.15,3.19,3.13,119116.0
2024-09-18,3.13,3.17,3.17,3.1,104423.0
2024-09-19,3.15,3.15,3.2,3.11,160219.0
2024-09-20,3.15,3.15,3.18,3.12,140287.0
2024-09-23,3.15,3.16,3.19,3.14,102824.0
2024-09-24,3.18,3.27,3.28,3.17,208050.0
2024-09-25,3.3,3.32,3.39,3.29,179740.0
2024-09-26,3.31,3.36,3.37,3.27,256194.0
2024-09-27,3.37,3.43,3.43,3.35,164028.0
2024-09-30,3.5,3.65,3.69,3.49,687380.0
2024-10-08,3.98,3.76,4.02,3.59,761006.0
2024-10-09,3.72,3.5,3.72,3.46,564519.0
2024-10-10,3.57,3.63,3.7,3.52,412228.0
2024-10-11,3.63,3.51,3.63,3.47,354733.0
2024-10-14,3.56,3.61,3.64,3.52,326289.0
2024-10-15,3.63,3.5,3.63,3.5,283908.0
2024-10-16,3.49,3.59,3.61,3.47,304302.0
2024-10-17,3.6,3.48,3.61,3.47,277264.0
2024-10-18,3.47,3.53,3.58,3.44,311595.0
2024-10-21,3.53,3.46,3.56,3.43,444401.0
2024-10-22,3.44,3.48,3.49,3.42,287102.0
2024-10-23,3.48,3.54,3.56,3.47,307448.0
2024-10-24,3.53,3.49,3.54,3.46,256144.0
2024-10-25,3.49,3.53,3.55,3.49,272970.0
2024-10-28,3.53,3.6,3.6,3.49,298447.0
2024-10-29,3.6,3.49,3.63,3.48,332837.0
2024-10-30,3.47,3.41,3.49,3.37,460874.0
2024-10-31,3.41,3.4,3.43,3.37,296236.0
2024-11-01,3.39,3.4,3.43,3.35,306766.0
2024-11-04,3.39,3.41,3.41,3.35,256369.0
2024-11-05,3.41,3.46,3.46,3.37,356461.0
2024-11-06,3.44,3.44,3.46,3.4,347546.0
2024-11-07,3.42,3.54,3.54,3.41,437855.0
2024-11-08,3.56,3.52,3.59,3.47,385094.0
2024-11-11,3.51,3.51,3.56,3.47,289434.0
2024-11-12,3.5,3.48,3.54,3.45,391429.0
2024-11-13,3.46,3.5,3.5,3.46,241015.0
2024-11-14,3.49,3.44,3.49,3.43,244438.0
2024-11-15,3.43,3.46,3.52,3.43,390451.0
2024-11-18,3.47,3.47,3.55,3.46,488337.0
2024-11-19,3.47,3.49,3.53,3.44,311039.0
2024-11-20,3.48,3.54,3.54,3.46,311368.0
2024-11-21,3.54,3.53,3.57,3.5,249525.0
2024-11-22,3.52,3.44,3.56,3.43,336595.0
2024-11-25,3.44,3.41,3.47,3.37,268587.0
2024-11-26,3.4,3.41,3.44,3.38,184939.0
2024-11-27,3.4,3.44,3.44,3.33,241672.0
2024-11-28,3.43,3.44,3.47,3.42,203904.0
2024-11-29,3.44,3.47,3.49,3.44,191837.0
2024-12-02,3.47,3.51,3.54,3.46,254339.0
2024-12-03,3.51,3.51,3.52,3.48,188841.0
2024-12-04,3.51,3.47,3.51,3.46,202888.0
2024-12-05,3.47,3.46,3.48,3.45,142941.0
2024-12-06,3.47,3.55,3.55,3.47,353967.0
2024-12-09,3.52,3.54,3.58,3.5,318392.0
2024-12-10,3.59,3.49,3.62,3.48,386816.0
2024-12-11,3.5,3.55,3.56,3.49,280988.0
2024-12-12,3.54,3.55,3.56,3.52,234404.0
2024-12-13,3.54,3.44,3.55,3.44,348670.0
2024-12-16,3.44,3.46,3.49,3.44,245336.0
2024-12-17,3.46,3.41,3.49,3.4,276109.0
2024-12-18,3.43,3.43,3.47,3.42,170994.0
2024-12-19,3.42,3.39,3.43,3.36,230400.0
2024-12-20,3.39,3.34,3.4,3.34,186945.0
2024-12-23,3.36,3.34,3.38,3.33,197133.0
2024-12-24,3.33,3.38,3.39,3.33,188629.0
2024-12-25,3.38,3.37,3.39,3.34,177670.0
2024-12-26,3.37,3.34,3.38,3.33,153468.0
2024-12-27,3.34,3.41,3.41,3.34,259742.0
2024-12-30,3.4,3.4,3.41,3.38,116838.0
2024-12-31,3.4,3.35,3.41,3.35,175101.0
2025-01-02,3.35,3.25,3.4,3.23,296718.0
2025-01-03,3.26,3.24,3.31,3.23,280483.0
2025-01-06,3.24,3.25,3.28,3.21,231040.0
2025-01-07,3.25,3.21,3.26,3.19,235177.0
2025-01-08,3.21,3.2,3.23,3.15,246371.0
2025-01-09,3.19,3.14,3.2,3.13,218847.0
2025-01-10,3.14,3.11,3.15,3.11,181334.0
2025-01-13,3.1,3.11,3.11,3.07,169587.0
2025-01-14,3.11,3.15,3.17,3.11,242876.0
2025-01-15,3.15,3.16,3.19,3.13,206767.0
2025-01-16,3.16,3.16,3.2,3.13,206079.0
2025-01-17,3.16,3.17,3.18,3.12,193926.0
2025-01-20,3.19,3.16,3.22,3.15,163988.0
2025-01-21,3.17,3.14,3.18,3.13,135526.0
2025-01-22,3.15,3.13,3.15,3.11,146412.0
2025-01-23,3.15,3.17,3.2,3.15,216278.0
2025-01-24,3.17,3.2,3.22,3.15,203373.0
2025-01-27,3.2,3.27,3.33,3.19,320579.0
2025-02-05,3.28,3.2,3.28,3.19,223050.0
2025-02-06,3.19,3.22,3.23,3.17,193158.0
2025-02-07,3.22,3.23,3.25,3.2,196815.0
2025-02-10,3.23,3.23,3.26,3.21,193599.0
2025-02-11,3.23,3.23,3.26,3.21,166335.0
2025-02-12,3.23,3.22,3.24,3.19,175602.0
2025-02-13,3.21,3.21,3.23,3.2,158622.0
2025-02-14,3.21,3.2,3.22,3.18,134788.0
2025-02-17,3.21,3.2,3.22,3.18,189422.0
2025-02-18,3.2,3.19,3.23,3.18,176248.0
2025-02-19,3.19,3.19,3.21,3.18,165142.0
2025-02-20,3.19,3.16,3.2,3.16,143575.0
2025-02-21,3.16,3.16,3.18,3.14,131552.0
2025-02-24,3.16,3.19,3.21,3.15,148344.0
2025-02-25,3.18,3.14,3.19,3.13,150059.0
2025-02-26,3.13,3.15,3.17,3.13,124502.0
2025-02-27,3.15,3.15,3.18,3.13,126743.0
2025-02-28,3.14,3.14,3.17,3.13,159694.0
2025-03-03,3.15,3.11,3.16,3.11,155904.0
2025-03-04,3.1,3.11,3.13,3.09,109833.0
2025-03-05,3.12,3.1,3.12,3.07,137625.0
2025-03-06,3.11,3.1,3.12,3.08,191046.0
2025-03-07,3.1,3.1,3.11,3.08,166421.0
2025-03-10,3.1,3.11,3.12,3.09,118344.0
2025-03-11,3.1,3.11,3.12,3.08,139852.0
2025-03-12,3.11,3.13,3.14,3.1,146487.0
2025-03-13,3.13,3.13,3.14,3.11,126856.0
2025-03-14,3.13,3.21,3.21,3.12,327725.0
2025-03-17,3.22,3.23,3.25,3.19,202228.0
2025-03-18,3.23,3.28,3.29,3.2,244829.0
2025-03-19,3.27,3.25,3.28,3.23,139674.0
2025-03-20,3.24,3.27,3.28,3.24,133102.0
2025-03-21,3.26,3.28,3.32,3.26,230959.0
2025-03-24,3.27,3.29,3.31,3.25,209999.0
2025-03-25,3.29,3.34,3.34,3.28,205089.0
2025-03-26,3.33,3.35,3.35,3.31,124067.0
2025-03-27,3.35,3.33,3.36,3.32,131323.0
2025-03-28,3.33,3.32,3.34,3.29,197554.0
2025-03-31,3.31,3.35,3.38,3.3,226024.0
2025-04-01,3.35,3.37,3.38,3.34,173852.0
2025-04-02,3.37,3.37,3.38,3.31,198628.0
2025-04-03,3.34,3.42,3.43,3.33,302212.0
2025-04-07,3.3,3.09,3.37,3.08,433672.0
2025-04-08,3.13,3.22,3.25,3.1,403811.0
2025-04-09,3.2,3.36,3.37,3.14,379427.0
2025-04-10,3.34,3.3,3.36,3.27,354667.0
2025-04-11,3.28,3.26,3.32,3.25,257188.0
2025-04-14,3.26,3.27,3.3,3.24,210472.0
2025-04-15,3.28,3.17,3.28,3.15,330654.0
2025-04-16,3.18,3.22,3.24,3.16,252536.0
2025-04-17,3.2,3.21,3.23,3.19,145973.0
2025-04-18,3.2,3.18,3.21,3.17,109416.0
2025-04-21,3.19,3.18,3.21,3.16,136578.0
2025-04-22,3.18,3.21,3.23,3.18,180517.0
2025-04-23,3.22,3.19,3.23,3.17,172747.0
2025-04-24,3.18,3.19,3.21,3.16,142241.0
2025-04-25,3.18,3.2,3.22,3.18,144033.0
2025-04-28,3.25,3.24,3.28,3.2,250866.0
2025-04-29,3.23,3.19,3.28,3.18,236665.0
2025-04-30,3.19,3.17,3.2,3.14,231509.0
2025-05-06,3.17,3.19,3.2,3.16,175526.0
2025-05-07,3.2,3.21,3.24,3.2,182543.0
2025-05-08,3.2,3.21,3.23,3.2,137101.0
2025-05-09,3.21,3.22,3.25,3.21,151947.0
2025-05-12,3.24,3.24,3.25,3.21,159378.0
2025-05-13,3.26,3.27,3.28,3.24,253369.0
2025-05-14,3.26,3.34,3.34,3.26,336913.0
2025-05-15,3.34,3.32,3.38,3.31,313463.0
2025-05-16,3.31,3.27,3.35,3.26,230056.0
2025-05-19,3.28,3.36,3.38,3.27,326798.0
2025-05-20,3.36,3.29,3.37,3.29,230959.0
2025-05-21,3.3,3.32,3.34,3.28,170200.0
2025-05-22,3.32,3.32,3.33,3.28,166917.0
2025-05-23,3.31,3.23,3.32,3.23,184535.0
2025-05-26,3.24,3.24,3.27,3.23,119087.0
2025-05-27,3.25,3.25,3.26,3.23,113671.0
2025-05-28,3.25,3.26,3.27,3.23,108952.0
2025-05-29,3.26,3.28,3.3,3.25,140366.0
2025-05-30,3.28,3.26,3.3,3.26,144484.0
2025-06-03,3.26,3.24,3.26,3.22,179016.0
2025-06-04,3.25,3.22,3.25,3.19,213816.0
2025-06-05,3.22,3.2,3.23,3.19,135389.0
2025-06-06,3.21,3.22,3.23,3.19,219638.0
2025-06-09,3.22,3.2,3.23,3.19,174797.0
2025-06-10,3.21,3.24,3.25,3.2,304709.0
2025-06-11,3.24,3.25,3.26,3.21,181249.0
2025-06-12,3.25,3.23,3.26,3.22,145756.0
2025-06-13,3.22,3.22,3.25,3.21,163722.0
2025-06-16,3.21,3.21,3.24,3.2,168921.0
2025-06-17,3.22,3.25,3.25,3.21,151620.0
2025-06-18,3.25,3.24,3.27,3.23,162235.0
2025-06-19,3.24,3.19,3.24,3.17,210943.0
2025-06-20,3.19,3.25,3.25,3.18,226840.0
2025-06-23,3.25,3.29,3.29,3.24,248494.0
2025-06-24,3.27,3.26,3.28,3.23,224190.0
2025-06-25,3.26,3.29,3.3,3.25,184286.0
2025-06-26,3.29,3.27,3.29,3.26,112756.0
2025-06-27,3.27,3.27,3.29,3.25,160145.0
2025-06-30,3.27,3.23,3.27,3.21,204070.0
2025-07-01,3.23,3.25,3.26,3.22,142723.0
2025-07-02,3.25,3.28,3.29,3.25,226785.0
2025-07-03,3.28,3.28,3.29,3.26,125785.0
2025-07-04,3.28,3.32,3.33,3.27,260520.0
2025-07-07,3.32,3.34,3.34,3.3,150595.0
2025-07-08,3.34,3.33,3.36,3.31,177719.0
2025-07-09,3.34,3.34,3.36,3.32,156318.0
2025-07-10,3.33,3.36,3.37,3.32,144966.0
2025-07-11,3.37,3.37,3.39,3.35,166428.0
2025-07-14,3.37,3.37,3.4,3.36,131692.0
2025-07-15,3.37,3.33,3.39,3.32,155660.0
2025-07-16,3.33,3.34,3.35,3.32,126350.0
2025-07-17,3.34,3.32,3.35,3.29,144386.0
2025-07-18,3.25,3.27,3.27,3.24,141928.0
2025-07-21,3.27,3.34,3.35,3.26,229803.0
2025-07-22,3.34,3.39,3.39,3.32,184882.0
2025-07-23,3.4,3.38,3.41,3.36,163209.0
2025-07-24,3.39,3.41,3.41,3.34,241596.0
2025-07-25,3.4,3.35,3.42,3.34,153157.0
2025-07-28,3.35,3.3,3.35,3.29,192219.0
2025-07-29,3.3,3.31,3.32,3.27,132155.0
2025-07-30,3.31,3.31,3.35,3.3,183711.0
2025-07-31,3.31,3.24,3.31,3.23,242132.0
2025-08-01,3.24,3.24,3.27,3.23,131294.0
2025-08-04,3.23,3.24,3.26,3.22,151680.0
2025-08-05,3.24,3.27,3.27,3.23,127757.0
2025-08-06,3.27,3.27,3.28,3.24,146462.0
2025-08-07,3.27,3.28,3.3,3.25,155506.0
2025-08-08,3.29,3.33,3.33,3.28,132600.0
2025-08-11,3.33,3.34,3.35,3.3,186536.0
2025-08-12,3.34,3.37,3.39,3.33,265212.0
2025-08-13,3.36,3.39,3.4,3.33,254562.0
2025-08-14,3.39,3.33,3.43,3.32,310316.0
2025-08-15,3.33,3.35,3.37,3.32,254395.0
2025-08-18,3.35,3.34,3.38,3.34,249774.0
2025-08-19,3.34,3.34,3.36,3.32,175707.0
2025-08-20,3.33,3.37,3.37,3.31,171591.0
2025-08-21,3.36,3.37,3.38,3.34,216131.0
2025-08-22,3.37,3.38,3.38,3.33,197444.0
2025-08-25,3.39,3.42,3.45,3.38,289135.0
2025-08-26,3.42,3.39,3.42,3.38,152598.0
2025-08-27,3.39,3.33,3.39,3.32,214236.0
2025-08-28,3.33,3.36,3.37,3.28,249134.0
2025-08-29,3.35,3.42,3.45,3.34,398081.0
2025-09-01,3.43,3.41,3.45,3.35,374301.0
2025-09-02,3.42,3.48,3.48,3.41,385388.0
2025-09-03,3.47,3.39,3.48,3.37,307738.0
2025-09-04,3.39,3.44,3.44,3.36,273294.0
2025-09-05,3.43,3.4,3.43,3.35,296561.0
2025-09-08,3.4,3.46,3.48,3.39,298844.0
2025-09-09,3.46,3.46,3.48,3.43,193783.0
2025-09-10,3.46,3.47,3.48,3.43,179879.0
2025-09-11,3.47,3.49,3.5,3.43,178352.0
2025-09-12,3.49,3.52,3.53,3.48,207631.0
2025-09-15,3.52,3.51,3.56,3.49,199256.0
2025-09-16,3.51,3.55,3.55,3.5,152717.0
2025-09-17,3.54,3.55,3.57,3.48,266113.0
2025-09-18,3.54,3.49,3.55,3.46,235378.0
2025-09-19,3.49,3.46,3.51,3.4,292330.0
2025-09-22,3.46,3.44,3.47,3.4,194848.0
2025-09-23,3.47,3.49,3.51,3.42,268630.0
2025-09-24,3.48,3.49,3.54,3.45,273517.0
2025-09-25,3.5,3.41,3.5,3.41,212204.0
2025-09-26,3.42,3.45,3.45,3.4,184924.0
2025-09-29,3.44,3.45,3.47,3.39,217159.0
2025-09-30,3.45,3.39,3.46,3.38,259917.0
2025-10-09,3.4,3.45,3.45,3.39,262732.0
2025-10-10,3.44,3.52,3.53,3.44,289212.0
2025-10-13,3.46,3.46,3.49,3.41,333977.0
2025-10-14,3.47,3.51,3.53,3.45,271296.0
2025-10-15,3.52,3.49,3.53,3.44,322035.0
2025-10-16,3.49,3.52,3.53,3.47,300870.0
2025-10-17,3.52,3.48,3.55,3.48,280329.0
2025-10-20,3.49,3.54,3.55,3.47,316247.0
2025-10-21,3.53,3.57,3.59,3.51,269372.0
2025-10-22,3.57,3.55,3.59,3.53,163196.0
2025-10-23,3.56,3.91,3.91,3.56,1516673.0
2025-10-24,3.73,3.64,3.83,3.63,1474780.0
2025-10-27,3.66,3.59,3.69,3.58,860558.0
2025-10-28,3.61,3.95,3.95,3.61,1383252.0
2025-10-29,4.02,3.84,4.07,3.8,1681002.0
2025-10-30,3.84,3.93,4.16,3.81,1726965.0
2025-10-31,3.89,3.79,3.92,3.77,1050665.0
2025-11-03,3.78,3.82,3.83,3.73,693968.0
2025-11-04,3.82,3.91,3.94,3.78,815218.0
2025-11-05,3.85,3.89,3.96,3.79,727162.0
2025-11-06,3.86,3.79,3.88,3.77,685647.0
2025-11-07,3.78,3.75,3.81,3.73,470221.0
2025-11-10,3.75,3.8,3.8,3.71,387436.0
2025-11-11,3.8,3.77,3.82,3.75,346947.0
2025-11-12,3.76,3.71,3.79,3.69,442536.0
2025-11-13,3.69,3.72,3.73,3.65,402203.0
2025-11-14,3.71,3.74,3.78,3.69,346874.0
2025-11-17,3.75,3.71,3.76,3.68,299253.0
2025-11-18,3.7,3.63,3.71,3.6,358401.0
2025-11-19,3.63,3.62,3.65,3.59,207210.0
2025-11-20,3.61,3.62,3.66,3.6,238010.0
2025-11-21,3.6,3.54,3.65,3.53,375361.0
2025-11-24,3.55,3.53,3.58,3.52,237399.0
2025-11-25,3.53,3.52,3.54,3.5,226803.0
2025-11-26,3.52,3.51,3.55,3.5,224319.0
2025-11-27,3.51,3.51,3.52,3.47,183085.0
2025-11-28,3.5,3.53,3.54,3.48,187622.0
2025-12-01,3.53,3.55,3.56,3.52,189241.0
2025-12-02,3.55,3.57,3.59,3.53,219349.0
2025-12-03,3.57,3.6,3.6,3.55,200333.0
2025-12-04,3.59,3.58,3.63,3.57,203247.0
2025-12-05,3.57,3.58,3.58,3.52,227475.0
2025-12-08,3.58,3.54,3.6,3.52,227668.0
2025-12-09,3.55,3.52,3.55,3.49,210229.0
2025-12-10,3.51,3.56,3.58,3.5,249545.0
2025-12-11,3.56,3.46,3.56,3.45,391189.0
2025-12-12,3.47,3.48,3.5,3.44,287427.0
2025-12-15,3.47,3.54,3.56,3.46,245328.0
2025-12-16,3.54,3.49,3.55,3.49,173526.0
2025-12-17,3.49,3.54,3.56,3.46,225423.0
2025-12-18,3.54,3.54,3.56,3.52,166368.0
2025-12-19,3.55,3.58,3.59,3.52,200768.0
2025-12-22,3.57,3.58,3.61,3.55,165741.0
2025-12-23,3.58,3.54,3.6,3.53,147467.0
2025-12-24,3.54,3.54,3.57,3.52,165410.0
2025-12-25,3.55,3.57,3.58,3.54,148397.0
2025-12-26,3.56,3.57,3.59,3.55,146814.0
2025-12-29,3.56,3.53,3.59,3.53,173015.0
2025-12-30,3.53,3.48,3.54,3.47,215126.0
2025-12-31,3.49,3.49,3.51,3.47,152003.0
2026-01-05,3.49,3.5,3.51,3.48,211577.0
2026-01-06,3.5,3.55,3.56,3.49,184724.0
2026-01-07,3.55,3.52,3.55,3.51,172863.0
2026-01-08,3.51,3.5,3.53,3.49,183988.0
2026-01-09,3.5,3.5,3.51,3.48,207774.0
2026-01-12,3.49,3.53,3.54,3.48,265395.0
2026-01-13,3.53,3.53,3.56,3.51,304934.0
2026-01-14,3.52,3.5,3.56,3.48,310860.0
2026-01-15,3.49,3.45,3.51,3.44,260170.0
2026-01-16,3.46,3.45,3.49,3.43,239500.0
2026-01-19,3.44,3.45,3.47,3.43,172233.0
2026-01-20,3.45,3.49,3.5,3.44,222490.0
2026-01-21,3.48,3.46,3.49,3.44,224785.0
2026-01-22,3.46,3.5,3.5,3.46,251514.0
2026-01-23,3.5,3.54,3.55,3.49,288704.0
2026-01-26,3.55,3.58,3.59,3.5,393199.0
2026-01-27,3.58,3.54,3.59,3.53,267309.0
2026-01-28,3.54,3.63,3.65,3.54,472084.0
2026-01-29,3.62,3.63,3.67,3.57,370265.0
2026-01-30,3.62,3.62,3.68,3.6,301286.0
2026-02-02,3.62,3.52,3.65,3.52,346994.0
2026-02-03,3.54,3.48,3.57,3.46,354004.0
2026-02-04,3.48,3.57,3.59,3.47,346747.0
2026-02-05,3.6,3.57,3.6,3.55,229607.0
2026-02-06,3.57,3.53,3.58,3.52,241708.0
2026-02-09,3.55,3.54,3.57,3.52,256499.0
2026-02-10,3.55,3.52,3.55,3.5,191193.0
2026-02-11,3.53,3.55,3.57,3.52,231452.0
2026-02-12,3.54,3.5,3.55,3.49,217431.0
2026-02-13,3.49,3.37,3.5,3.37,419699.0
2026-02-24,3.39,3.45,3.46,3.39,316805.0
2026-02-25,3.45,3.51,3.57,3.45,370457.0
2026-02-26,3.51,3.53,3.55,3.49,243385.0
2026-02-27,3.52,3.59,3.6,3.51,306318.0
2026-03-02,3.58,3.63,3.64,3.55,382299.0
2026-03-03,3.63,3.66,3.71,3.61,585593.0
2026-03-04,3.62,3.54,3.62,3.52,483949.0
2026-03-05,3.55,3.53,3.57,3.49,342030.0
2026-03-06,3.52,3.56,3.57,3.48,308662.0
2026-03-09,3.55,3.51,3.63,3.5,330542.0
2026-03-10,3.51,3.5,3.53,3.49,278686.0
2026-03-11,3.5,3.55,3.55,3.44,348417.0
2026-03-12,3.53,3.63,3.64,3.53,429952.0
2026-03-13,3.62,3.64,3.69,3.6,364286.0
2026-03-16,3.65,3.65,3.7,3.62,340157.0
2026-03-17,3.64,3.64,3.68,3.63,229003.0
2026-03-18,3.64,3.61,3.67,3.57,311055.0
2026-03-19,3.61,3.6,3.64,3.58,266361.0
2026-03-20,3.59,3.66,3.7,3.58,422990.0
2026-03-23,3.65,3.49,3.66,3.43,615511.0
2026-03-24,3.5,3.57,3.58,3.48,373753.0
2026-03-25,3.57,3.76,3.78,3.53,770027.0
2026-03-26,3.77,3.75,3.8,3.73,596697.0
2026-03-27,3.73,3.69,3.75,3.62,618870.0
2026-03-30,3.66,3.62,3.66,3.45,763008.0
2026-03-31,3.56,3.65,3.7,3.55,550588.0
2026-04-01,3.66,3.63,3.7,3.58,477174.0
2026-04-02,3.61,3.77,3.92,3.6,969128.0
2026-04-03,3.78,3.65,3.82,3.64,571231.0
2026-04-07,3.66,3.72,3.74,3.62,542801.0
2026-04-08,3.76,3.83,3.84,3.73,565860.0
2026-04-09,3.79,3.78,3.82,3.75,399125.0
2026-04-10,3.78,3.68,3.79,3.65,619424.0
2026-04-13,3.66,3.62,3.67,3.54,506183.0
2026-04-14,3.62,3.6,3.62,3.57,249590.0
2026-04-15,3.61,3.62,3.63,3.57,278204.0
2026-04-16,3.63,3.57,3.63,3.55,309477.0
2026-04-17,3.56,3.55,3.57,3.52,238319.0
2026-04-20,3.54,3.54,3.55,3.51,203150.0
2026-04-21,3.54,3.57,3.57,3.52,203069.0
2026-04-22,3.56,3.54,3.56,3.52,204053.0
2026-04-23,3.55,3.56,3.57,3.51,241331.0
2026-04-24,3.56,3.51,3.56,3.49,239547.0
2026-04-27,3.51,3.47,3.52,3.46,204260.0
2026-04-28,3.47,3.53,3.53,3.46,192893.0
2026-04-29,3.52,3.54,3.56,3.51,190718.0
2026-04-30,3.54,3.5,3.54,3.48,228608.0
2026-05-06,3.51,3.5,3.52,3.48,214556.0
2026-05-07,3.5,3.49,3.52,3.48,176684.0
2026-05-08,3.49,3.53,3.56,3.48,290449.0
2026-05-11,3.53,3.51,3.54,3.48,238487.0
2026-05-12,3.51,3.5,3.53,3.49,201173.0
2026-05-13,3.51,3.5,3.51,3.49,151973.0
2026-05-14,3.49,3.44,3.5,3.44,264541.0
2026-05-15,3.44,3.39,3.44,3.38,217707.0
2026-05-18,3.39,3.45,3.46,3.36,222145.0
2026-05-19,3.45,3.47,3.47,3.44,122674.0
2026-05-20,3.46,3.41,3.46,3.39,145954.0
2026-05-21,3.41,3.42,3.47,3.4,187055.0
2026-05-22,3.42,3.38,3.43,3.38,174059.0
2026-05-25,3.39,3.37,3.4,3.36,148772.0
2026-05-26,3.37,3.36,3.37,3.32,194600.0
2026-05-27,3.36,3.28,3.37,3.26,218345.0
2026-05-28,3.28,3.26,3.3,3.24,142726.0
2026-05-29,3.27,3.32,3.36,3.25,219528.0
2026-06-01,3.32,3.39,3.39,3.28,252266.0
2026-06-02,3.39,3.35,3.42,3.34,200875.0
2026-06-03,3.35,3.38,3.4,3.29,278823.0
2026-06-04,3.39,3.4,3.44,3.35,284052.0
2026-06-05,3.41,3.4,3.48,3.39,217904.0
2026-06-08,3.39,3.32,3.42,3.29,244403.0
2026-06-09,3.32,3.27,3.32,3.24,181742.0
2026-06-10,3.27,3.37,3.38,3.25,245132.0
2026-06-11,3.37,3.4,3.44,3.33,267637.0
2026-06-12,3.42,3.47,3.5,3.4,310652.0
2026-06-15,3.47,3.48,3.52,3.43,233319.0
2026-06-16,3.46,3.38,3.46,3.36,194599.0
2026-06-17,3.38,3.39,3.4,3.36,138490.0
2026-06-18,3.37,3.31,3.38,3.28,176853.0
2026-06-22,3.3,3.31,3.31,3.22,207897.0
2026-06-23,3.3,3.34,3.38,3.28,202361.0
2026-06-24,3.34,3.26,3.35,3.26,163465.0
2026-06-25,3.26,3.23,3.27,3.22,168255.0
2026-06-26,3.24,3.18,3.24,3.15,221288.0
2026-06-29,3.18,3.24,3.25,3.09,230214.0
